0.100132
0.100123
0.100215
0.100233
0.100221
0.10036
0.100274
0.100283
0.100404
0.100224
0.100226
0.100216
0.100278
0.100267
0.100216
0.1003
0.100277
0.100378
0.100237
0.100245
0.100269
0.100253
0.100222
0.100277
0.100277
0.10031
0.100304
0.100277
0.100271
0.100221
0.100257
0.100283
0.100218
0.100325
0.100303
0.100303
0.100301
0.100214
0.10022
0.10023
0.10022
0.100238
0.10022
0.100294
0.100267
0.100218
0.100241
0.10021
0.100185
0.100219
0.100221
0.100234
0.100293
0.100261
0.100223
0.100234
0.100218
0.100226
0.100278
0.100218
0.100248
0.100284
0.100337
0.100279
0.100313
0.100233
0.100292
0.100381
0.100286
0.100278
0.100238
0.100222
0.100306
0.1003
0.100283
0.100291
0.100281
0.100274
0.10023
0.100281
0.100277
0.100304
0.100241
0.100232
0.100247
0.100219
0.100236
0.100355
0.100467
0.100261
0.100213
0.100212
0.100265
0.100216
0.100252
0.100268
0.100241
0.10023
0.10023
0.10023
0.100251
0.100276
0.100235
0.100212
0.100283
0.100213
0.10021
0.100224
0.100209
0.100213
0.100214
0.10025
0.100266
0.10024
0.100234
0.100258
0.100238
0.100278
0.100234
0.100294
0.100276
0.100261
0.100271
0.100283
0.100274
0.100272
0.100231
0.100279
0.100223
0.100233
0.100292
0.100217
0.10022
0.100226
0.100302
0.100254
0.100228
0.100293
0.100249
0.100232
0.100306
0.100297
0.100281
0.10029
0.100233
0.100275
0.100237
0.100347
0.100224
0.100279
0.100333
0.100289
0.10024
0.100252
0.100258
0.100294
0.100249
0.100264
0.100216
0.100235
0.100308
0.100222
0.100166
0.100283
0.100283
0.100293
0.100232
0.100288
0.100243
0.100228
0.100304
0.10023
0.100238
0.100257
0.100239
0.100249
0.100269
0.100279
0.100229
0.100252
0.100258
0.100227
0.100221
0.100311
0.100229
0.100228
0.100302
0.100246
0.100257
0.100281
0.100285
0.100224
0.100217
0.100242
0.100227
0.100285
0.100282
0.10028
0.100293
0.100288
0.100279
0.100261
0.100237
0.100191
0.100249
0.100297
0.100305
0.100273
0.10023
0.100299
0.100206
0.100276
0.10029
0.100279
0.100306
0.100225
0.100308
0.100221
0.100228
0.100233
0.100233
0.100315
0.100289
0.100263
0.100315
0.100284
0.100267
0.100278
0.100236
0.100261
0.100274
0.100219
0.100226
0.100276
0.100232
0.100274
0.100287
0.100216
0.100238
0.100228
0.100226
0.10028
0.10024
0.100298
0.100282
0.100263
0.100243
0.100261
0.100278
0.100317
0.100248
0.100312
0.100321
0.100265
0.100233
0.100244
0.100368
0.100306
0.100439
0.10028
0.100279
0.100228
0.100286
0.100273
0.100301
0.100416
0.100279
0.100259
0.100423
0.100259
0.100233
0.100403
0.100238
0.100235
0.100358
0.100238
0.100432
0.100336
0.100247
0.100325
0.100252
0.100298
0.100229
0.100244
0.100238
0.100242
0.100342
0.100444
0.100313
0.10028
0.100316
0.100283
0.100234
0.100286
0.100229
0.100244
0.100241
0.100307
0.100318
0.100298
0.100294
0.100229
0.100248
0.100293
0.100288
0.100251
0.100288
0.100296
0.100241
0.100351
0.100288
0.100226
0.100281
0.100228
0.100226
0.100267
0.100256
0.100256
0.10029
0.100228
0.100227
0.100283
0.100224
0.100235
0.100287
0.100239
0.100292
0.100291
0.100293
0.100341
0.100407
0.100426
0.10032
0.100244
0.100229
0.100277
0.100278
0.100226
0.10028
0.100287
0.100261
0.100289
0.100281
0.100255
0.100317
0.100236
0.100289
0.100312
0.100281
0.100242
0.100282
0.100255
0.100502
0.100288
0.100217
0.100213
0.100281
0.100216
0.100217
0.100244
0.100259
0.100283
0.100246
0.100217
0.100216
0.100244
0.100223
0.100222
0.100224
0.100211
0.100214
0.100214
0.10021
0.100244
0.100275
0.100236
0.100223
0.100236
0.100297
0.10024
0.100242
0.100262
0.100269
0.100233
0.100227
0.100329
0.100225
0.100228
0.100228
0.100258
0.100239
0.100236
0.100262
0.100282
0.100228
0.100218
0.10028
0.100308
0.100226
0.100248
0.100231
0.100236
0.100294
0.100295
0.100255
0.100269
0.100224
0.100261
0.100256
0.100248
0.100239
0.100231
0.100273
0.100269
0.100236
0.100229
0.100243
0.100232
0.100205
0.100284
0.100256
0.100258
0.100283
0.100253
0.100238
0.10026
0.100242
0.10025
0.100269
0.100312
0.100292
0.100296
0.100291
0.100294
0.100239
0.100239
0.100295
0.10024
0.100324
0.100297
0.100238
0.100279
0.100184
0.100258
0.100238
0.100258
0.100326
0.100274
0.100273
0.10029
0.100295
0.100248
0.100237
0.100219
0.100224
0.100306
0.100253
0.100237
0.100284
0.10025
0.100229
0.10024
0.100228
0.100228
0.100232
0.100275
0.100364
0.100273
0.100237
0.100293
0.10023
0.10022
0.100254
0.100289
0.100296
0.100237
0.100227
0.100289
0.100226
0.100288
0.100309
0.10022
0.100222
0.100285
0.100262
0.10028
0.10023
0.10024
0.100286
0.100242
0.100303
0.10026
0.100238
0.100256
0.100302
0.10023
0.100229
0.100219
0.100228
0.100227
0.100281
0.100247
0.10028
0.100231
0.100257
0.100313
0.100236
0.100252
0.100249
0.100227
0.100245
0.100267
0.100296
0.100254
0.100301
0.100324
0.100312
0.100283
0.100279
0.100291
0.100296
0.100291
0.100291
0.100246
0.100234
0.100294
0.10029
0.100203
0.100239
0.100307
0.100228
0.100308
0.100281
0.100246
0.10029
0.100239
0.100252
0.100265
0.100297
0.10023
0.100286
0.100244
0.100245
0.100232
0.100268
0.100239
0.100264
0.100238
0.100287
0.100314
0.100228
0.100233
0.100306
0.100244
0.10024
0.100251
0.100275
0.100242
0.100276
0.100243
0.100245
0.100287
0.100245
0.10029
0.100245
0.100299
0.100289
0.100288
0.100297
0.100249
0.100241
0.100291
0.100301
0.100289
0.100239
0.100297
0.100316
0.100264
0.100268
0.100291
0.100385
0.100329
0.100239
0.100229
0.100276
0.100261
0.100227
0.100315
0.100283
0.100263
0.100231
0.100261
0.100284
0.10024
0.100255
0.100231
0.100225
0.100236
0.100263
0.100278
0.100272
0.100314
0.100271
0.100237
0.100236
0.100239
0.100237
0.100237
0.100226
0.100278
0.100286
0.100232
0.100313
0.100286
0.100222
0.100222
0.100313
0.100304
0.100251
0.100291
0.100248
0.100257
0.100293
0.100256
0.100277
0.100256
0.100276
0.100265
0.100243
0.100292
0.100242
0.100266
0.100247
0.100217
0.100215
0.100221
0.100267
0.100241
0.10022
0.100214
0.100244
0.100225
0.100217
0.100231
0.100213
0.100228
0.100219
0.100228
0.100247
0.100267
0.100257
0.10027
0.100313
0.100267
0.10025
0.100238
0.100233
0.100265
0.100299
0.100248
0.100233
0.100232
0.10023
0.100248
0.100239
0.10029
0.100255
0.100249
0.100287
0.100229
0.100227
0.100289
0.10028
0.10025
0.100263
0.100324
0.100264
0.100236
0.100238
0.10023
0.100292
0.100319
0.100263
0.100287
0.100228
0.100242
0.100295
0.100217
0.10023
0.100269
0.100228
0.100241
0.100306
0.100241
0.100248
0.100265
0.100238
0.100308
0.100233
0.100237
0.100298
0.100271
0.100261
0.100267
0.100301
0.100299
0.100241
0.100298
0.100253
0.100258
0.100257
0.100234
0.100291
0.100233
0.100258
0.100245
0.100297
0.100236
0.10033
0.100321
0.100288
0.100339
0.100233
0.100235
0.100238
0.100299
0.100233
0.100291
0.100226
0.100232
0.100235
0.10023
0.100321
0.100226
0.100234
0.100282
0.10025
0.100341
0.100238
0.100241
0.100262
0.100367
0.100353
0.100313
0.100278
0.100262
0.100318
0.100223
0.10028
0.100282
0.100242
0.100232
0.10032
0.100281
0.100252
0.100222
0.100228
0.100229
0.10023
0.100227
0.100233
0.100256
0.100365
0.10035
0.100234
0.100226
0.100309
0.100235
0.100268
0.100221
0.100228
0.100259
0.100238
0.100238
0.100236
0.100238
0.100224
0.100244
0.100231
0.10025
0.100295
0.100249
0.100289
0.100242
0.100235
0.10027
0.100311
0.100252
0.100237
0.100231
0.100253
0.10027
0.100316
0.100245
0.100236
0.100386
0.100331
0.100296
0.100282
0.100236
0.100255
0.100285
0.100235
0.100241
0.100282
0.100227
0.100306
0.100262
0.100234
0.100238
0.100381
0.100241
0.1003
0.100229
0.100235
0.100284
0.100251
0.100264
0.100267
0.10023
0.100228
0.100265
0.100266
0.100277
0.100226
0.100281
0.100285
0.100254
0.100339
0.100269
0.100267
0.100318
0.100267
0.100235
0.100235
0.100244
0.100293
0.100236
0.100291
0.100269
0.100234
0.100512
0.100283
0.100255
0.100318
0.100255
0.100268
0.100274
0.100228
0.100291
0.100274
0.10029
0.100235
0.100251
0.100219
0.100236
0.100221
0.100227
0.100216
0.100278
0.100235
0.100291
0.100259
0.100278
0.1003
0.100243
0.100263
0.100239
0.100259
0.100303
0.100389
0.100257
0.100319
0.100356
0.100341
0.100234
0.100235
0.100223
0.10022
0.100287
0.100256
0.100335
0.100224
0.100214
0.100226
0.100298
0.100274
0.10023
0.100226
0.100219
0.100235
0.100226
0.100233
0.10029
0.100283
0.100241
0.100235
0.100321
0.100239
0.100314
0.10021
0.100214
0.100255
0.100393
0.100212
0.100241
0.100211
0.100215
0.100245
0.10024
0.10024
0.100279
0.100209
0.10021
0.100217
0.10022
0.100214
0.100247
0.100281
0.100246
0.100256
0.100281
0.100278
0.100248
0.100231
0.100247
0.100297
0.100287
0.100306
0.100224
0.10028
0.100307
0.100289
0.100225
0.100259
0.100283
0.10023
0.100314
0.100288
0.100238
0.100278
0.100301
0.100237
0.100276
0.10024
0.10029
0.100234
0.10026
0.100232
0.100233
0.100256
0.100313
0.10028
0.100223
0.100269
0.100237
0.100288
0.100252
0.100221
0.100284
0.100268
0.100323
0.100264
0.100233
0.100261
0.100262
0.100231
0.100412
0.100301
0.100305
0.10042
0.100287
0.100293
0.100303
0.100414
0.100283
0.100292
0.100272
0.100246
0.100397
0.100235
0.100308
0.100287
0.100234
0.100235
0.100232
0.100233
0.100221
0.100287
0.10022
0.100274
0.100229
0.10022
0.100276
0.100218
0.100236
0.100231
0.100231
0.100253
0.100267
0.100265
0.10022
0.100254
0.100241
0.100244
0.100237
0.100242
0.100244
0.100169
0.100252
0.100405
0.100233
0.100276
0.100278
0.100287
0.100281
0.100273
0.100283
0.100278
0.100418
0.100298
0.100289
0.100229
0.100304
0.100249
0.100325
0.100305
0.100255
0.100293
0.100322
0.100288
0.100303
0.100245
0.100279
0.100315
0.100298
0.100409
0.100428
0.100274
0.100232
0.100305
0.100395
0.100227
0.100236
0.100249
0.100268
0.100341
0.100324
0.100337
0.100319
0.10024
0.100294
0.10029
0.100306
0.100287
0.10029
0.100297
0.100311
0.100306
0.100454
0.100416
0.100274
0.100227
0.100288
0.100426
0.100302
0.100423
0.100283
0.100357
0.100313
0.100232
0.100225
0.100407
0.100299
0.100226
0.100291
0.100226
0.100305
0.100224
0.100278
0.10022
0.100327
0.100337
0.100396
0.100291
0.100252
0.100313
0.100249
0.100335
0.100301
0.100292
0.100291
0.100418
0.100429
0.100291
0.100298
0.100289
0.100321
0.100429
0.100278
0.100319
0.100248
0.100287
0.10028
0.100354
0.100276
0.100296
0.100328
0.10032
0.100272
0.100323
0.100227
0.100271
0.100278
0.100232
0.100286
0.100416
0.100234
0.100251
0.10025
0.100248
0.100334
0.10029
0.100338
0.100244
0.100271
0.100334
0.100414
0.100433
0.100282
0.100222
0.100299
0.100247
0.100397
0.100274
0.100312
0.100303
0.100306
0.100314
0.100297
0.100413
0.100288
0.100295
0.100255
0.100253
0.100306
0.100323
0.10044
0.100235
0.100228
0.100245
0.100296
0.100224
0.100239
0.10028
0.100401
0.100294
0.100305
0.100253
0.100328
0.100252
0.100258
0.100317
0.100274
0.100294
0.100303
0.100283
0.100316
0.100309
0.100336
0.100445
0.100334
0.100306
0.100294
0.100442
0.100428
0.100297
0.100291
0.100265
0.100331
0.100301
0.100281
0.100266
0.100314
0.100275
0.100319
0.100239
0.100236
0.100258
0.100241
0.100277
0.100314
0.100251
0.100253
0.100339
0.100234
0.100263
0.100292
0.100273
0.100297
0.100309
0.100306
0.100262
0.100326
0.100233
0.100269
0.100236
0.100265
0.100247
0.100306
0.10024
0.100274
0.100298
0.100319
0.100303
0.100258
0.100328
0.100319
0.100239
0.100268
0.100376
0.10022
0.100253
0.100288
0.10032
0.100234
0.100285
0.100287
0.100286
0.100284
0.100279
0.10023
0.100291
0.100231
0.100233
0.100302
0.100237
0.100269
0.100242
0.100296
0.100264
0.100279
0.100383
0.100264
0.100301
0.100307
0.100244
0.100238
0.100253
0.100293
0.100288
0.100333
0.100317
0.100288
0.100234
0.100312
0.100296
0.100259
0.100244
0.100219
0.100227
0.100291
0.100251
0.100231
0.100236
0.100235
0.10029
0.100269
0.100269
0.100233
0.100286
0.100223
0.100228
0.100309
0.100227
0.100227
0.100277
0.100229
0.100226
0.10029
0.10024
0.100233
0.100231
0.10028
0.100279
0.100265
0.100291
0.100261
0.100231
0.100251
0.100273
0.100243
0.100283
0.100283
0.100268
0.10028
0.100243
0.100271
0.100223
0.100305
0.100217
0.100284
0.100203
0.100237
0.100228
0.10028
0.100273
0.100243
0.100294
0.100249
0.100248
0.10026
0.100361
0.100243
0.100239
0.100268
0.10023
0.100228
0.100233
0.100259
0.100242
0.100254
0.100236
0.100244
0.100231
0.100224
0.100244
0.100244
0.100225
0.100272
0.100326
0.100246
0.100287
0.100248
0.100261
0.100241
0.100234
0.10023
0.100257
0.100236
0.100303
0.100245
0.100288
0.100249
0.100247
0.100248
0.10024
0.100291
0.100247
0.100307
0.100262
0.100245
0.100238
0.100225
0.1003
0.10031
0.100235
0.100281
0.100329
0.100223
0.100244
0.100235
0.100253
0.100244
0.100237
0.100306
0.100255
0.100301
0.100249
0.100256
0.100253
0.100355
0.100375
0.10031
0.100279
0.100334
0.100242
0.100285
0.100241
0.100363
0.100245
0.100245
0.100312
0.100256
0.100231
0.10026
0.100263
0.100263
0.100455
0.100292
0.100443
0.100288
0.100231
0.100268
0.100307
0.100264
0.100283
0.100247
0.100273
0.100365
0.100225
0.100248
0.10026
0.10025
0.100298
0.10025
0.10025
0.100231
0.100223
0.100234
0.100236
0.100233
0.10023
0.100247
0.100255
0.100309
0.100321
0.100223
0.100222
0.100226
0.10024
0.100238
0.100257
0.100328
0.100237
0.100253
0.100266
0.100278
0.100238
0.100256
0.100253
0.100267
0.10026
0.100272
0.100236
0.100252
0.100292
0.10024
0.100252
0.100309
0.100295
0.100236
0.100288
0.100267
0.100258
0.100307
0.100313
0.100233
0.100231
0.100301
0.100252
0.100234
0.100232
0.10023
0.100291
0.100229
0.100231
0.100232
0.100357
0.100222
0.100333
0.100294
0.100247
0.100322
0.100256
0.100326
0.1003
0.100244
0.100244
0.100234
0.100267
0.100191
0.100298
0.100237
0.100247
0.10024
0.100266
0.100279
0.100263
0.100251
0.100245
0.100323
0.100263
0.100329
0.100277
0.100222
0.10031
0.100266
0.10024
0.100277
0.100232
0.10028
0.100291
0.10029
0.100324
0.100309
0.100258
0.100266
0.100233
0.100264
0.100234
0.100243
0.100274
0.100226
0.100234
0.100319
0.100294
0.100241
0.100274
0.100268
0.100239
0.100262
0.100243
0.100257
0.100291
0.100269
0.100247
0.100239
0.100231
0.100288
0.100298
0.100249
0.100242
0.100275
0.100236
0.100246
0.100268
0.100297
0.100277
0.100259
0.100364
0.100313
0.100235
0.100295
0.100306
0.100237
0.100238
0.100308
0.100248
0.100278
0.10023
0.1003
0.100239
0.1003
0.100258
0.100264
0.100267
0.100221
0.100224
0.100247
0.100266
0.100239
0.100279
0.10027
0.100277
0.100256
0.100238
0.10031
0.10027
0.100271
0.10029
0.100234
0.100267
0.100283
0.100363
0.100288
0.100259
0.100259
0.10029
0.100239
0.100287
0.100267
0.100309
0.100232
0.100261
0.100307
0.10026
0.100355
0.100221
0.100264
0.100301
0.100228
0.100242
0.100231
0.100231
0.100242
0.100316
0.100245
0.10028
0.100254
0.100258
0.100221
0.10022
0.100277
0.10027
0.100283
0.100245
0.100343
0.100317
0.100343
0.100297
0.100248
0.100234
0.100261
0.100281
0.100239
0.100284
0.100283
0.100285
0.100224
0.100244
0.100244
0.100305
0.100282
0.100314
0.100308
0.100284
0.100336
0.100278
0.100218
0.100291
0.100293
0.100402
0.100395
0.100293
0.100236
0.100283
0.10029
0.100327
0.100302
0.100231
0.100248
0.100263
0.100399
0.100312
0.100292
0.100421
0.100303
0.100239
0.100287
0.100291
0.100298
0.100416
0.100295
0.100422
0.100334
0.100319
0.10042
0.10029
0.100322
0.100285
0.100412
0.100231
0.100406
0.100329
0.100239
0.100281
0.100323
0.100294
0.100315
0.100262
0.100277
0.100307
0.100214
0.100234
0.100328
0.100402
0.100274
0.10022
0.100276
0.100311
0.100211
0.100297
0.100279
0.1003
0.100237
0.100252
0.100288
0.10029
0.100322
0.10032
0.100302
0.100452
0.10033
0.100331
0.10033
0.100261
0.100458
0.100438
0.100318
0.10029
0.100286
0.100428
0.100427
0.100281
0.100302
0.100296
0.100296
0.100248
0.100252
0.100288
0.100235
0.100276
0.100266
0.100347
0.100332
0.10029
0.100232
0.100344
0.100301
0.10041
0.100315
0.100407
0.100353
0.100347
0.100348
0.100312
0.100424
0.100293
0.100289
0.100253
0.100289
0.100297
0.100317
0.100418
0.100252
0.100426
0.100299
0.100296
0.100425
0.100245
0.100419
0.10031
0.100338
0.100298
0.100271
0.10026
0.100286
0.100272
0.100225
0.100274
0.100221
0.100251
0.100275
0.100233
0.100242
0.100281
0.100391
0.100285
0.100263
0.100322
0.100342
0.10041
0.100238
0.100424
0.100219
0.100235
0.100301
0.100445
0.100288
0.100423
0.100277
0.10032
0.10028
0.1003
0.100323
0.100285
0.100277
0.10023
0.100243
0.100278
0.10023
0.10023
0.100236
0.100299
0.100315
0.100312
0.100299
0.100389
0.100277
0.100329
0.100285
0.100321
0.100284
0.100253
0.100253
0.100351
0.100269
0.100349
0.100272
0.100378
0.100299
0.100585
0.100307
0.100275
0.100264
0.100254
0.100265
0.100307
0.100317
0.1003
0.100252
0.10025
0.100272
0.100243
0.10024
0.100269
0.100269
0.100334
0.100233
0.100303
0.100286
0.100291
0.100309
0.100238
0.10027
0.100298
0.100243
0.100234
0.100264
0.100301
0.100285
0.100261
0.10025
0.100265
0.100281
0.100241
0.100268
0.100291
0.100261
0.100316
0.100294
0.100317
0.100313
0.100318
0.100306
0.100322
0.100255
0.100253
0.100302
0.10031
0.100316
0.100242
0.100296
0.100252
0.100309
0.100344
0.100266
0.100238
0.100225
0.100301
0.100228
0.100287
0.100241
0.100236
0.100241
0.100231
0.100239
0.100273
0.10024
0.100333
0.100252
0.10025
0.100316
0.100332
0.100295
0.100253
0.100295
0.100276
0.100304
0.100283
0.100472
0.100407
0.100295
0.10029
0.100261
0.100289
0.100297
0.100235
0.100226
0.100441
0.100339
0.100231
0.100295
0.100287
0.100241
0.100319
0.100297
0.100244
0.100285
0.100356
0.100244
0.100262
0.100331
0.100285
0.100278
0.100268
0.1003
0.100275
0.100233
0.100243
0.100301
0.100293
0.100283
0.100247
0.10022
0.100224
0.100283
0.100228
0.100233
0.100269
0.100322
0.100249
0.100243
0.100249
0.100243
0.10029
0.100233
0.10024
0.100248
0.100274
0.100294
0.100285
0.100255
0.100233
0.100279
0.100234
0.100247
0.100265
0.100332
0.100286
0.100237
0.100239
0.100308
0.100239
0.100273
0.100269
0.10023
0.10026
0.10028
0.100286
0.100279
0.10024
0.10023
0.100297
0.100285
0.100161
0.100276
0.100228
0.10023
0.100289
0.100306
0.100265
0.1003
0.100258
0.100303
0.100264
0.100256
0.100268
0.100287
0.10024
0.100268
0.100239
0.100316
0.100253
0.100272
0.100293
0.100245
0.100286
0.100267
0.100243
0.10026
0.100262
0.100225
0.100249
0.100229
0.100229
0.100278
0.100261
0.10031
0.100291
0.100242
0.100309
0.100249
0.100265
0.100283
0.10023
0.100272
0.100291
0.100289
0.100256
0.100309
0.100265
0.100233
