0.10014
0.100147
0.100277
0.10028
0.100275
0.100287
0.100273
0.100295
0.100292
0.100304
0.100244
0.100269
0.100242
0.10025
0.100241
0.100265
0.100318
0.100279
0.100389
0.100288
0.100312
0.100403
0.100402
0.100297
0.100378
0.10041
0.100409
0.10028
0.100284
0.100275
0.100297
0.100272
0.100279
0.100293
0.100283
0.100295
0.100281
0.100277
0.100249
0.100281
0.100259
0.100288
0.100277
0.100261
0.100313
0.100292
0.100301
0.100351
0.1003
0.100383
0.100316
0.100457
0.100344
0.100315
0.100341
0.100369
0.100427
0.10042
0.100249
0.100418
0.100305
0.100294
0.100426
0.100443
0.1003
0.100317
0.1003
0.1003
0.10029
0.100258
0.100285
0.100253
0.100418
0.100283
0.100239
0.100295
0.100296
0.100262
0.100284
0.100232
0.10024
0.100283
0.100237
0.100256
0.100309
0.100346
0.100306
0.100495
0.100362
0.100326
0.100288
0.10031
0.100444
0.100327
0.10032
0.100312
0.100351
0.100317
0.100329
0.100347
0.100434
0.100305
0.100299
0.100312
0.100291
0.100249
0.100396
0.100425
0.100234
0.100286
0.100418
0.100279
0.100254
0.10042
0.100259
0.100237
0.100416
0.100287
0.100407
0.100239
0.100235
0.100245
0.100288
0.100316
0.100238
0.100294
0.100297
0.100436
0.100309
0.100258
0.100318
0.10043
0.100253
0.100419
0.100286
0.100247
0.100296
0.100307
0.100334
0.100329
0.100307
0.100301
0.100335
0.100282
0.100298
0.100295
0.100296
0.100319
0.100249
0.100261
0.100291
0.100253
0.100444
0.10031
0.100443
0.100321
0.100252
0.1003
0.100249
0.100296
0.100292
0.10024
0.100245
0.100424
0.100249
0.100288
0.100311
0.100242
0.100298
0.100315
0.100307
0.100305
0.100308
0.100308
0.100297
0.100297
0.100263
0.100336
0.100299
0.100335
0.100433
0.100315
0.100328
0.100332
0.10028
0.100272
0.100281
0.10037
0.100293
0.100243
0.100437
0.100352
0.100315
0.100316
0.100291
0.100273
0.100263
0.100251
0.100259
0.100297
0.100251
0.100269
0.100254
0.10025
0.100289
0.100268
0.100267
0.100259
0.100238
0.100277
0.100325
0.100254
0.100322
0.100235
0.100249
0.100301
0.100247
0.100282
0.100245
0.100238
0.100277
0.100312
0.10033
0.10026
0.100309
0.100251
0.100314
0.10028
0.100285
0.100267
0.100295
0.1003
0.100287
0.100277
0.100303
0.100262
0.10026
0.100338
0.100257
0.100337
0.100465
0.100283
0.100307
0.100305
0.10025
0.100292
0.100307
0.100308
0.100297
0.100245
0.100294
0.100294
0.10025
0.100243
0.100266
0.100275
0.100359
0.100305
0.100236
0.100304
0.100255
0.100291
0.100412
0.100229
0.100253
0.100259
0.100266
0.100257
0.100313
0.100237
0.100239
0.100413
0.100411
0.100331
0.100295
0.100413
0.100246
0.100409
0.100323
0.100412
0.100322
0.100318
0.100369
0.100425
0.1003
0.100248
0.100247
0.100241
0.100246
0.100361
0.100469
0.10025
0.100252
0.100299
0.100431
0.10043
0.100285
0.100425
0.100303
0.100435
0.100289
0.100242
0.100288
0.100325
0.100241
0.100257
0.100276
0.100294
0.100289
0.100245
0.100247
0.100341
0.100257
0.100261
0.100257
0.100204
0.100302
0.100287
0.100257
0.100336
0.100324
0.100272
0.100338
0.100264
0.100315
0.100258
0.10034
0.100254
0.1003
0.10025
0.100256
0.100327
0.10026
0.100315
0.100278
0.100284
0.100263
0.100309
0.100335
0.100301
0.100247
0.100265
0.100333
0.100277
0.100263
0.10028
0.100264
0.100327
0.100261
0.10026
0.100245
0.100266
0.100299
0.100292
0.100244
0.100248
0.100246
0.100273
0.100313
0.100321
0.100316
0.100343
0.100294
0.100324
0.100292
0.100373
0.100293
0.100356
0.1003
0.100267
0.100262
0.100302
0.10026
0.100232
0.100298
0.100257
0.100251
0.100355
0.10024
0.100251
0.100286
0.100236
0.100237
0.100237
0.100243
0.100245
0.100248
0.100256
0.100312
0.100334
0.100256
0.100246
0.10025
0.10025
0.100253
0.100243
0.100258
0.100298
0.100249
0.100261
0.100262
0.100284
0.100267
0.100339
0.10032
0.100366
0.100263
0.100258
0.100274
0.10027
0.100328
0.100293
0.100339
0.100263
0.100294
0.100308
0.100269
0.100318
0.100256
0.100348
0.100261
0.100324
0.10044
0.100265
0.100311
0.100268
0.100291
0.100263
0.100262
0.100258
0.100291
0.100276
0.100381
0.100273
0.100248
0.100247
0.100245
0.100283
0.100326
0.100252
0.10025
0.10025
0.100282
0.100358
0.100359
0.100316
0.100317
0.100275
0.100291
0.100381
0.100287
0.100345
0.100322
0.100302
0.100333
0.100318
0.100369
0.100332
0.100342
0.10025
0.100283
0.100301
0.100298
0.100277
0.100265
0.100274
0.100253
0.100254
0.100245
0.100255
0.100268
0.100254
0.100311
0.100291
0.100275
0.100279
0.100303
0.100249
0.100257
0.100251
0.100255
0.100285
0.100313
0.100258
0.10031
0.100429
0.100289
0.100318
0.100291
0.10026
0.100268
0.100341
0.100347
0.100319
0.100338
0.100333
0.100296
0.100316
0.100315
0.100363
0.100298
0.100315
0.100296
0.100226
0.10029
0.100311
0.100282
0.100296
0.100262
0.100347
0.100319
0.100311
0.100289
0.100291
0.100241
0.10025
0.100323
0.100315
0.100284
0.100297
0.100239
0.100255
0.100255
0.100243
0.100254
0.100243
0.100276
0.100254
0.100303
0.100281
0.100257
0.100254
0.100277
0.100411
0.100279
0.100274
0.10031
0.100288
0.100301
0.100274
0.100245
0.100276
0.100316
0.100338
0.100257
0.100257
0.100252
0.10031
0.100349
0.10035
0.100285
0.100375
0.100322
0.100304
0.100292
0.100315
0.100247
0.100323
0.100263
0.100272
0.10027
0.100284
0.100248
0.100318
0.100302
0.100248
0.100309
0.100258
0.100301
0.100288
0.100297
0.100249
0.100291
0.100242
0.100348
0.100334
0.100252
0.100274
0.10031
0.100281
0.100307
0.10034
0.100291
0.100341
0.100315
0.100346
0.100331
0.100315
0.100301
0.10036
0.100324
0.100299
0.100318
0.100305
0.100332
0.100259
0.100291
0.100323
0.100267
0.100257
0.100255
0.100311
0.100306
0.100279
0.100313
0.100309
0.100307
0.100294
0.100255
0.100253
0.100337
0.100311
0.100255
0.100349
0.100253
0.100262
0.100263
0.100241
0.100243
0.100269
0.100255
0.100305
0.100312
0.10036
0.100274
0.100365
0.100335
0.100331
0.100325
0.100362
0.100297
0.100305
0.100312
0.100383
0.10028
0.100363
0.100327
0.100301
0.100253
0.100331
0.100346
0.100253
0.100426
0.100268
0.100262
0.100243
0.100319
0.10024
0.100299
0.100302
0.100243
0.100268
0.100288
0.100247
0.100307
0.100277
0.100255
0.100251
0.100259
0.100329
0.100333
0.10027
0.10027
0.100265
0.100316
0.10031
0.100255
0.100311
0.100341
0.100306
0.100272
0.100324
0.100267
0.100313
0.100271
0.100334
0.100342
0.100342
0.100304
0.100296
0.100349
0.100285
0.100264
0.100264
0.10032
0.100317
0.100324
0.100252
0.100262
0.100265
0.100256
0.1003
0.100308
0.100263
0.10025
0.100284
0.100333
0.100297
0.100279
0.100253
0.100248
0.100261
0.100274
0.100335
0.100282
0.100247
0.10025
0.1003
0.100261
0.10038
0.100365
0.100255
0.100334
0.100258
0.100323
0.100348
0.100276
0.100341
0.100321
0.100296
0.100306
0.100291
0.100308
0.10035
0.100398
0.100259
0.100293
0.10029
0.100314
0.100249
0.100172
0.10026
0.100259
0.100256
0.100305
0.100244
0.100269
0.100287
0.100306
0.100281
0.100288
0.100252
0.100263
0.100258
0.100311
0.100329
0.100257
0.10033
0.100252
0.100253
0.100251
0.100306
0.100258
0.100298
0.1003
0.100248
0.100355
0.100274
0.100274
0.100295
0.100352
0.100286
0.10033
0.100341
0.100265
0.100317
0.100368
0.100338
0.100279
0.100345
0.100279
0.100311
0.100274
0.100294
0.100328
0.100285
0.100268
0.100336
0.100333
0.100253
0.100294
0.100299
0.100253
0.100236
0.10032
0.100287
0.100249
0.100274
0.10024
0.100299
0.100239
0.100243
0.100315
0.100255
0.100258
0.100302
0.100319
0.100293
0.100351
0.100248
0.100358
0.100272
0.100348
0.100308
0.100301
0.100249
0.100268
0.100298
0.10025
0.100284
0.100261
0.100306
0.100319
0.1003
0.100336
0.100291
0.100282
0.100312
0.100284
0.100253
0.100265
0.100322
0.100285
0.100296
0.100291
0.100266
0.100297
0.100309
0.10026
0.100255
0.100243
0.100573
0.100352
0.100244
0.100309
0.100256
0.100295
0.100255
0.10025
0.100283
0.100259
0.100259
0.100264
0.100263
0.100303
0.100297
0.100346
0.100296
0.100329
0.100348
0.100301
0.100292
0.100281
0.100328
0.100298
0.100301
0.100386
0.100298
0.100279
0.100384
0.100305
0.100256
0.10028
0.100328
0.100299
0.100269
0.100307
0.100302
0.100303
0.10033
0.100313
0.100259
0.100257
0.100258
0.100271
0.10025
0.100318
0.100248
0.100284
0.100283
0.100309
0.100332
0.100232
0.100253
0.100256
0.100292
0.100256
0.100304
0.100335
0.100304
0.100287
0.10033
0.100264
0.100331
0.100334
0.100318
0.100263
0.100254
0.100272
0.100262
0.100278
0.100305
0.100324
0.100328
0.100291
0.100274
0.100336
0.10026
0.100262
0.100337
0.100307
0.100291
0.100322
0.100296
0.100259
0.100352
0.100297
0.100238
0.100287
0.100246
0.100255
0.100244
0.100274
0.10034
0.100246
0.100268
0.100279
0.10027
0.100274
0.10025
0.10027
0.100286
0.100298
0.100309
0.100264
0.100317
0.10025
0.100306
0.100269
0.100289
0.100285
0.100347
0.1003
0.100325
0.100278
0.10031
0.10038
0.100319
0.100352
0.100276
0.100332
0.100441
0.1003
0.100303
0.100314
0.100273
0.100308
0.100255
0.100252
0.100311
0.100272
0.100338
0.100262
0.100269
0.10027
0.100294
0.100254
0.10024
0.100243
0.100246
0.100254
0.10027
0.100254
0.100243
0.100272
0.100263
0.100312
0.100254
0.100306
0.100269
0.100332
0.100322
0.100291
0.100283
0.100279
0.100283
0.100372
0.100328
0.100366
0.100321
0.100335
0.100346
0.100308
0.100288
0.100299
0.100275
0.100252
0.100255
0.100288
0.100309
0.100262
0.100257
0.100308
0.100255
0.100243
0.100254
0.100302
0.100297
0.100266
0.100268
0.1003
0.100251
0.100311
0.100256
0.10034
0.10028
0.100306
0.100323
0.100245
0.10027
0.10031
0.100247
0.10032
0.100301
0.100331
0.100347
0.100269
0.100307
0.100321
0.100278
0.100352
0.100283
0.100327
0.100365
0.100292
0.100356
0.100329
0.100312
0.100303
0.100286
0.100306
0.100323
0.100302
0.100306
0.10028
0.100306
0.10024
0.100307
0.100244
0.100301
0.10032
0.100253
0.100283
0.100246
0.100323
0.100239
0.100245
0.100244
0.100255
0.100314
0.10025
0.10028
0.100252
0.100257
0.100277
0.100259
0.10033
0.100439
0.100305
0.100303
0.100231
0.100239
0.100244
0.100312
0.100434
0.100256
0.100249
0.100272
0.100303
0.100345
0.100361
0.10036
0.100342
0.100297
0.100337
0.100327
0.100297
0.100313
0.100246
0.100277
0.100304
0.100281
0.100243
0.100252
0.100329
0.100273
0.100263
0.100295
0.100293
0.100246
0.100269
0.100242
0.100289
0.100278
0.100311
0.100298
0.100252
0.100311
0.10025
0.100252
0.100264
0.100254
0.10026
0.100341
0.100275
0.1003
0.100335
0.100305
0.100387
0.100348
0.10033
0.100277
0.100284
0.100352
0.100411
0.100369
0.100321
0.100353
0.100357
0.100372
0.100309
0.100437
0.100298
0.100275
0.10025
0.100257
0.100253
0.100286
0.100254
0.100317
0.100247
0.100261
0.100301
0.100304
0.100333
0.10033
0.100294
0.10034
0.100281
0.100258
0.100355
0.100301
0.100253
0.100298
0.1003
0.100329
0.100299
0.100307
0.100268
0.100347
0.100259
0.10026
0.100252
0.100282
0.100323
0.100264
0.100403
0.100292
0.100393
0.100409
0.100302
0.100258
0.100258
0.100278
0.100266
0.100251
0.100308
0.100252
0.100303
0.10027
0.100306
0.10024
0.100275
0.100304
0.100304
0.100303
0.100291
0.100293
0.100243
0.100249
0.100332
0.100272
0.10024
0.100241
0.100279
0.10032
0.100257
0.100244
0.100294
0.100304
0.100252
0.100268
0.100255
0.100316
0.100315
0.100251
0.100269
0.100335
0.100315
0.10036
0.100345
0.100312
0.100338
0.100353
0.100287
0.100356
0.100305
0.100253
0.100264
0.100264
0.100266
0.100289
0.100283
0.10032
0.100286
0.100251
0.10026
0.100313
0.100262
0.100271
0.100315
0.100235
0.100248
0.100246
0.100279
0.100244
0.100243
0.100247
0.100277
0.100346
0.100247
0.100276
0.100305
0.100348
0.100286
0.100293
0.100255
0.100308
0.100319
0.100321
0.100293
0.100365
0.100287
0.100291
0.10029
0.100297
0.100342
0.10026
0.100262
0.100308
0.100269
0.100256
0.100256
0.100333
0.100339
0.100211
0.100307
0.10026
0.100308
0.100258
0.10036
0.100273
0.100347
0.100252
0.100283
0.100302
0.100242
0.100247
0.100264
0.100283
0.100246
0.100243
0.10025
0.100266
0.100252
0.100255
0.10035
0.100245
0.100346
0.100266
0.100263
0.10032
0.100273
0.100274
0.100408
0.100323
0.100328
0.100324
0.100328
0.100307
0.100288
0.100302
0.10031
0.100325
0.100324
0.10029
0.10033
0.100265
0.100335
0.10024
0.100283
0.100314
0.100248
0.100315
0.100248
0.100266
0.100298
0.100308
0.10027
0.100255
0.100242
0.100266
0.100291
0.100297
0.100311
0.10025
0.100253
0.100321
0.100256
0.100269
0.100251
0.100273
0.10026
0.100308
0.100322
0.10024
0.100422
0.100233
0.100302
0.100305
0.100235
0.100307
0.100265
0.100288
0.100275
0.100293
0.100259
0.100309
0.100287
0.10032
0.100312
0.100266
0.100344
0.100326
0.100261
0.100273
0.100247
0.100313
0.100317
0.100256
0.100289
0.100336
0.100347
0.100253
0.100259
0.100251
0.100243
0.100333
0.100332
0.100319
0.100292
0.100245
0.100262
0.100281
0.1003
0.100273
0.100246
0.100287
0.10026
0.100287
0.10026
0.100259
0.100318
0.100316
0.100316
0.100298
0.100334
0.100298
0.10029
0.100305
0.10036
0.100293
0.100291
0.100312
0.100261
0.10026
0.100256
0.100258
0.100283
0.100324
0.100255
0.100313
0.100264
0.100287
0.100308
0.100332
0.100262
0.100271
0.100344
0.100312
0.100284
0.100333
0.100334
0.100255
0.10031
0.100328
0.100292
0.100357
0.100275
0.100249
0.10039
0.100271
0.100273
0.100312
0.100274
0.100315
0.100361
0.100318
0.100296
0.100341
0.100268
0.100291
0.100328
0.100271
0.100272
0.100265
0.100323
0.100297
0.100319
0.10036
0.100302
0.100257
0.100271
0.100267
0.100251
0.100306
0.100298
0.100308
0.100243
0.10026
0.100182
0.100246
0.100294
0.100308
0.10026
0.100292
0.100241
0.100254
0.100293
0.100234
0.100291
0.100301
0.100249
0.100257
0.100254
0.100262
0.100262
0.100302
0.10028
0.100258
0.100199
0.100294
0.100289
0.100332
0.10027
0.100299
0.100296
0.100282
0.100308
0.100328
0.100299
0.10031
0.100295
0.100267
0.100264
0.100262
0.100263
0.100306
0.100313
0.100299
0.100312
0.100387
0.100266
0.100321
0.100305
0.100258
0.100264
0.100265
0.100302
0.100345
0.100334
0.100244
0.100253
0.100418
0.100262
0.100289
0.10024
0.100189
0.100295
0.10026
0.10026
0.100337
0.100278
0.100258
0.100266
0.100314
0.100277
0.100282
0.100289
0.100285
0.100333
0.100291
0.100316
0.100317
0.100303
0.10032
0.100301
0.100238
0.100336
0.100236
0.100302
0.100263
0.100299
0.100327
0.100313
0.10024
0.100309
0.100317
0.100236
0.10025
0.100276
0.100304
0.100255
0.100326
0.100308
0.100258
0.100329
0.100283
0.100322
0.100278
0.100259
0.100253
0.100281
0.100246
0.100272
0.100287
0.100329
0.100294
0.100337
0.100259
0.100319
0.100283
0.10028
0.100279
0.10028
0.100293
0.100304
0.10029
0.100315
0.100313
0.100297
0.100273
0.100284
0.100294
0.100262
0.100258
0.100287
0.100317
0.100358
0.100309
0.100323
0.10031
0.100297
0.100293
0.100303
0.10026
0.100266
0.100299
0.100243
0.1003
0.100428
0.100246
0.100248
0.100317
0.100277
0.100323
0.100243
0.100253
0.100333
0.10025
0.100253
0.100326
0.100229
0.10027
0.10028
0.10024
0.100256
0.100288
0.100279
0.100265
0.100274
0.100268
0.10026
0.100305
0.100273
0.100262
0.100261
0.100299
0.100306
0.100293
0.10029
0.100326
0.100278
0.100276
0.100245
0.10026
0.100307
0.100321
0.100319
0.100316
0.100314
0.100308
0.100258
0.100346
0.100298
0.100248
0.10032
0.100297
0.100283
0.100306
0.100304
0.100224
0.100258
0.10025
0.100245
0.100312
0.100269
0.100321
0.100332
0.100251
0.100283
0.100292
0.100242
0.100283
0.100278
0.100282
0.100304
0.1003
0.100325
0.100312
0.100333
0.100284
0.100267
0.100281
0.100346
0.100258
0.100342
0.100345
0.100267
0.100325
0.100254
0.100311
0.10026
0.10026
0.100296
0.100253
0.100267
0.100303
0.100277
0.100288
0.100329
0.100304
0.100259
0.100261
0.100278
0.100253
0.100299
0.100248
0.100265
0.10028
0.100286
0.100322
0.1003
0.100275
0.100255
0.10035
0.100297
0.100337
0.100338
0.100282
0.100295
0.100314
0.100365
0.10031
0.100286
0.100367
0.10036
0.100323
0.100315
0.100249
0.100249
0.100297
0.10029
0.100312
0.100295
0.100246
0.100249
0.100254
0.100308
0.100292
0.100246
0.100289
0.100268
0.100279
0.100259
0.100252
0.100338
0.100298
0.100248
0.100254
0.10034
0.100274
0.100276
0.100299
0.100257
0.100328
0.100325
0.100261
0.100253
0.100369
0.100273
0.100344
0.100327
0.100265
0.100301
0.100268
0.100327
0.100307
0.100337
0.100281
0.100289
0.100292
0.100261
0.100262
0.100257
0.100333
0.100274
0.100308
0.100263
0.100245
0.100249
0.100254
0.10026
0.100327
0.100288
0.100319
0.100228
0.100253
0.100318
0.100253
0.100294
0.100247
0.100248
0.10025
0.100264
0.100255
0.10031
0.100283
0.100326
0.100303
0.100305
0.100316
0.100249
0.100252
0.100319
0.100357
0.10029
0.100273
0.100284
0.100284
0.100314
0.100308
0.10032
0.100293
0.100287
0.100265
0.100269
0.100262
0.100303
0.100276
0.100255
0.100264
0.100266
0.100253
0.100255
0.100308
0.100313
0.100321
0.100314
0.100284
0.100309
0.100306
0.100299
0.10026
0.100305
0.100283
0.100256
0.100313
0.100324
0.100255
0.100305
0.100243
0.100278
0.100336
0.100254
0.100263
0.100284
0.10025
0.100259
0.10029
0.100325
0.10029
0.100353
0.100305
0.100374
0.100305
0.100355
0.10031
0.100296
0.10028
0.10033
0.100265
0.100305
0.100328
0.10026
0.100282
0.100266
0.100301
0.100272
0.10029
0.100329
0.100341
0.100303
0.100325
0.100271
0.100251
0.100335
0.100265
0.100307
0.100299
0.100308
0.100298
0.100312
0.10026
0.100341
0.100251
0.100245
0.100328
0.100331
0.100234
0.100291
0.100226
0.100228
0.100294
0.100281
0.100262
0.100305
0.100289
0.100304
0.100261
0.100287
0.100299
0.100244
0.100272
0.100344
0.100292
0.100341
0.100315
0.100292
0.100316
0.100266
0.100254
0.100318
0.100321
0.100301
0.100264
0.100287
0.100254
0.100243
0.100307
0.100269
0.100264
0.100331
0.100249
0.100241
0.100326
0.100277
0.100277
0.100309
0.100274
0.100248
0.100311
0.100366
0.100258
0.100261
0.100259
0.100255
0.100338
0.100321
0.100323
0.100294
0.1003
0.100275
0.100248
0.100305
0.100328
0.100292
0.100354
0.100297
0.100335
0.100266
0.100292
0.100311
0.100327
0.100281
0.100318
0.10031
0.10031
0.10031
0.100366
0.100269
0.100307
0.100262
0.100258
0.100285
0.100253
0.10031
0.100335
0.100307
0.100337
0.100324
0.100359
0.100317
0.100241
0.100244
0.100347
0.100241
0.100281
0.100308
0.100283
0.100287
0.100297
0.100334
0.100271
0.100321
0.100276
0.100296
0.100261
0.100301
0.100311
0.100321
0.100329
0.100291
0.100289
0.10026
0.100329
0.10034
0.100312
0.100316
0.100328
0.100335
0.100337
0.100267
0.100292
0.100296
0.100297
0.100245
0.100293
0.100294
0.100272
0.100283
0.100294
0.100286
0.100293
