# pose_pure.x; pose_pure.y; pose_pure.z;pose_noisy.x; pose_noisy.y; pose_noisy.z;pose_pure.yaw; pose_pure.pitch; pose_pure.roll;pose_noisy.yaw; pose_noisy.pitch; pose_noisy.roll;imu_pure.d²x; imu_pure.d²y; imu_pure.d²z;imu_noisy.d²x; imu_noisy.d²y; imu_noisy.d²z;imu_pure.dtheta; imu_pure.dphi; imu_pure.dpsi;imu_noisy.dtheta; imu_noisy.dphi; imu_noisy.dpsi;transponder1.pure; transponder2.pure;transponder1.pure; transponder2.noisy;loch_doppler_pure.vx; loch_doppler_pure.vy; loch_doppler_pure.vz;loch_doppler_noisy.vx; loch_doppler_noisy.vy; loch_doppler_noisy.vz;
7.105887413024902;-29.152673721313477;0.5;6.89110650227849;-29.100577114631896;0.6888440417930987;0.23911011219024658;-0.0;0.0;0.23355762941391106;0.0145002078702503;-0.008357604461060564;0.017780359834432602;0.3283107876777649;9.8100004196167;0.01250755600631237;0.34210044145584106;9.801538467407227;0.0;0.0;0.10148734599351883;-0.004084986634552479;0.012897406704723835;0.07500073313713074;31.884600704931348;40.11522596007576;3.1415934562683105;-0.005489256698638201;0.0;3.1478655338287354;-0.012415282428264618;0.06858869642019272;
10.114387512207031;-28.252941131591797;0.5;10.00583379329745;-28.156238645603622;0.43890521665224425;0.343829870223999;-0.0;0.0;0.3456562085828557;0.015362824773673461;-0.0012358256132861335;0.017785586416721344;0.3283956050872803;9.8100004196167;0.021117253229022026;0.3236452639102936;9.810477256774902;0.0;0.0;0.09264484792947769;-0.007823840714991093;0.006611762102693319;0.09777763485908508;29.940695893798836;41.635968511165565;3.1415951251983643;-0.005449505988508463;0.0;3.157245635986328;-0.029179684817790985;0.05918702483177185;
13.012358665466309;-27.043664932250977;0.5;12.974036137889637;-26.977789450869288;0.3517838329090007;0.4485495984554291;-0.0;0.0;0.45734047320845095;0.009668787472997492;0.003755952274749363;0.01771824061870575;0.3282889723777771;9.8100004196167;0.017296547070145607;0.34504514932632446;9.817126274108887;0.0;0.0;0.10148735344409943;0.015939602628350258;0.007995584979653358;0.09732455760240555;27.940617882231717;42.72285651817732;3.141533851623535;-0.005516808945685625;0.0;3.1089439392089844;0.04060495272278786;0.08252116292715073;
15.768051147460938;-25.5380916595459;0.5;15.850519721999504;-25.631201019086213;0.6156969975340685;0.5532693266868591;-0.0;0.0;0.5488204659153965;-0.007426559125475839;0.0012419683309359544;0.017792612314224243;0.32837480306625366;9.8100004196167;0.002757676877081394;0.3276934027671814;9.797409057617188;0.0;0.0;0.10148735344409943;0.0023826737888157368;-0.006987718865275383;0.09404116123914719;25.895843339518578;44.13162654173296;3.141540050506592;-0.005491500720381737;0.0;3.159528970718384;-0.06474733352661133;0.08625998347997665;
18.351272583007812;-23.752717971801758;0.5;18.534861471562415;-23.795372214019395;0.3892806600205889;0.6579891443252563;-0.0;0.0;0.6515242143901468;-0.0024594729751691784;-0.0027962430926300754;0.017827138304710388;0.32829028367996216;9.8100004196167;0.021934833377599716;0.30583515763282776;9.801915168762207;0.0;0.0;0.09264484792947769;0.01800302043557167;-0.013487651012837887;0.0791105329990387;23.820182440984894;45.66487073435569;3.1415834426879883;-0.005551496986299753;0.0;3.1867434978485107;-0.02583353966474533;0.01569553278386593;
20.733718872070312;-21.707103729248047;0.5;20.571950455681822;-21.756646486256034;0.31782671335646406;0.762708842754364;-0.0;0.0;0.7573443004935465;0.012459920269500793;-0.005267528440263911;0.01771925389766693;0.3284631073474884;9.8100004196167;0.0168059803545475;0.3381119966506958;9.807249069213867;0.0;0.0;0.09264484792947769;0.016915515065193176;-0.0036659010220319033;0.09027745574712753;21.73080546610246;46.33510389466052;3.141512632369995;-0.00544286472722888;0.0;3.086595058441162;-0.013588197529315948;0.04549621790647507;
22.889291763305664;-19.423662185668945;0.5;22.805973034261193;-19.330263421050994;0.5446182632796309;0.8674286007881165;-0.0;0.0;0.8691075735999295;-0.020063927665834595;-0.011982328850074914;0.01790080964565277;0.3283422887325287;9.8100004196167;0.02233823388814926;0.32761266827583313;9.815680503845215;0.0;0.0;0.09264484792947769;-0.012052729725837708;-0.002567519200965762;0.09100108593702316;19.64988253529351;46.974322732757244;3.141634941101074;-0.005448251962661743;0.0;3.2070846557617188;-0.05304357409477234;0.013489468023180962;
24.794368743896484;-16.927412033081055;0.5;24.968450309956726;-16.945754331636966;0.6091266587817185;0.9721484184265137;-0.0;0.0;0.9674655567434756;-0.007201245390171802;-0.00998719413179131;0.01773974299430847;0.32836928963661194;9.8100004196167;0.018930047750473022;0.32316288352012634;9.816055297851562;0.0;0.0;0.10148735344409943;-0.006104004569351673;0.007985093630850315;0.1163320317864418;17.60722758654323;47.450859981659725;3.141594886779785;-0.005439403001219034;0.0;3.1863937377929688;-0.05307059362530708;0.024370882660150528;
26.428081512451172;-14.24570083618164;0.5;26.658859642224595;-14.219328038679622;0.4180363113200988;1.0768681764602661;-0.0;0.0;1.0890845262905804;0.0014039925491413894;0.01136332356243183;0.017753928899765015;0.32839062809944153;9.8100004196167;0.03435466066002846;0.33365342020988464;9.795272827148438;0.0;0.0;0.10148735344409943;0.0007426129886880517;-0.010623003356158733;0.10997013747692108;15.644534192658982;49.11072419291973;3.1415703296661377;-0.005405081901699305;0.0;3.1423885822296143;-0.00434078648686409;-0.03923605754971504;
27.77252960205078;-11.40791130065918;0.5;27.375846214696445;-11.498219480846764;0.6533337758033809;1.1815879344940186;-0.0;0.0;1.1619469858636546;0.008479942891145799;0.003241084565677408;0.017810694873332977;0.3282850980758667;9.8100004196167;0.01450503058731556;0.32311317324638367;9.797429084777832;0.0;0.0;0.09264484792947769;0.01409164723008871;0.018990613520145416;0.08982624858617783;13.821862368842636;49.23439496578021;3.141606092453003;-0.00547389592975378;0.0;3.1216440200805664;-0.016646193340420723;0.07036305218935013;
28.812984466552734;-8.445134162902832;0.5;28.85336953578278;-8.494685301835968;0.4634960248694238;1.286307692527771;-0.0;0.0;1.277752112018334;-0.009404961508131417;0.007624274083017338;0.017798714339733124;0.32832735776901245;9.8100004196167;0.028682980686426163;0.34600523114204407;9.820391654968262;0.0;0.0;0.10148735344409943;-0.020605936646461487;-0.005107488017529249;0.09270007163286209;12.226208831133453;49.93269694840013;3.14162278175354;-0.005503821186721325;0.0;3.103776216506958;-0.030793311074376106;0.028454627841711044;
29.538042068481445;-5.389830589294434;0.5;29.347008090386343;-5.402629037738337;0.612530694131592;1.3910274505615234;-0.0;0.0;1.3855790065457279;-0.006544192607246535;0.00885444427349111;0.017748694866895676;0.32844316959381104;9.8100004196167;0.014087400399148464;0.32661667466163635;9.81501579284668;0.0;0.0;0.10148735344409943;0.009262275882065296;0.013896308839321136;0.10101340711116791;10.977966104188564;49.82600730954851;3.1415858268737793;-0.005419500172138214;0.0;3.0190069675445557;-0.001805724110454321;0.016773467883467674;
29.93976402282715;-2.275475025177002;0.5;30.018556284507532;-2.4179011519564373;0.6022274022304839;1.4957472085952759;-0.0;0.0;1.510951752046757;0.0065714277809692904;0.0015629837689210638;0.01777772791683674;0.3282991945743561;9.8100004196167;0.017863236367702484;0.318159282207489;9.793346405029297;0.0;0.0;0.09264484792947769;0.00869033858180046;-0.01815691962838173;0.08091600239276886;10.220953578028379;49.65267762173322;3.141587257385254;-0.005475760903209448;0.0;3.1530539989471436;-0.04034639522433281;-0.00021134006965439767;
30.013744354248047;0.8638110756874084;0.5;30.25073378767669;0.6823753846976888;0.39705526436460564;1.6004669666290283;-0.0;0.0;1.592453343557812;0.0011078649211209784;0.0017704953316786051;0.017786286771297455;0.32840561866760254;9.8100004196167;0.016087621450424194;0.3461849093437195;9.792593955993652;0.0;0.0;0.10148734599351883;0.015450711362063885;0.0036298122722655535;0.10600771754980087;10.07533933617387;50.202705040187396;3.1415913105010986;-0.005425422918051481;0.0;3.172006130218506;0.06378693133592606;-0.050709210336208344;
29.75917625427246;3.9936330318450928;0.5;29.837603041504764;3.956150835721148;0.634910816455296;1.7051867246627808;-0.0;0.0;1.7002691797588405;-0.006324558649578467;0.008155755668405823;0.017777912318706512;0.32833731174468994;9.8100004196167;0.014931656420230865;0.31941550970077515;9.801460266113281;0.0;0.0;0.09264484792947769;-0.018050571903586388;-0.001980591332539916;0.09896040707826614;10.567962536419577;50.06341121612873;3.141592025756836;-0.005444077774882317;0.0;3.123507022857666;0.020996300503611565;0.00716057512909174;
29.17884635925293;7.079699993133545;0.5;29.260946179031095;7.086115385313135;0.22830316008482004;1.8099064826965332;-0.0;0.0;1.8087835215900236;-0.00492386779574057;0.008088909393988958;0.017780359834432602;0.3283107876777649;9.8100004196167;0.0258791483938694;0.3411787450313568;9.812936782836914;0.0;0.0;0.10148734599351883;-0.01048703957349062;0.0015771255129948258;0.10961124300956726;11.613121139512048;49.436397023773665;3.1415934562683105;-0.005489256698638201;0.0;3.1637625694274902;-0.028923315927386284;0.06995675712823868;
28.27911376953125;10.088199615478516;0.5;28.121029540493584;10.099398397185258;0.46779006991323596;1.9146262407302856;-0.0;0.0;1.918627799090338;0.0017786748008017821;0.001346526644957468;0.017785586416721344;0.3283956050872803;9.8100004196167;0.009268573485314846;0.33033934235572815;9.816047668457031;0.0;0.0;0.09264484792947769;-0.009816741570830345;-0.0018719607032835484;0.10216747224330902;13.069304455994684;49.10360029656232;3.1415951251983643;-0.005449505988508463;0.0;3.158052682876587;0.017060495913028717;0.06223084777593613;
27.06983757019043;12.98617172241211;0.5;27.136130552724822;12.929179413165922;0.18769211718372164;2.019345998764038;-0.0;0.0;2.0174087184147527;0.000188978468534727;0.007379801324963705;0.017769798636436462;0.32826414704322815;9.8100004196167;0.012852594256401062;0.3369031846523285;9.805458068847656;0.0;0.0;0.10148735344409943;-0.006199808791279793;-0.008088062517344952;0.11208533495664597;14.802515046143583;48.82631811645382;3.141585350036621;-0.00554162310436368;0.0;3.110262870788574;0.051908694207668304;0.07004515826702118;
25.56426429748535;15.741864204406738;0.5;25.58723328987931;15.829876524829452;0.74028885563559;2.124065637588501;-0.0;0.0;2.128407852543427;0.010781764269130575;-0.0013902322778173697;0.017792612314224243;0.32837480306625366;9.8100004196167;0.03344152122735977;0.34240350127220154;9.822820663452148;0.0;0.0;0.10148735344409943;0.01639251597225666;0.008526373654603958;0.10827349871397018;16.71102962583834;48.15968648888152;3.1415886878967285;-0.0055215684697031975;0.0;3.1444828510284424;0.054695602506399155;0.010154020972549915;
23.778888702392578;18.325084686279297;0.5;23.814314009676416;18.458592513781646;0.2042136351422747;2.228785514831543;-0.0;0.0;2.2540480130313485;0.0022027334993423636;-0.0074663004362032015;0.017851844429969788;0.32841581106185913;9.8100004196167;0.011814550496637821;0.32998836040496826;9.806936264038086;0.0;0.0;0.09264484792947769;0.017261428758502007;-0.003692696336656809;0.08095818758010864;18.723780239445674;48.02815632496926;3.141653537750244;-0.005460948683321476;0.0;3.1543617248535156;0.02580121159553528;0.02502756007015705;
21.7332763671875;20.70753288269043;0.5;21.977711071252752;20.706432393692587;0.382209779209044;2.333505153656006;-0.0;0.0;2.3317338310151765;-0.0017287859531638042;-0.010579614449095765;0.017722919583320618;0.3283013105392456;9.8100004196167;0.007773435674607754;0.33737561106681824;9.80151081085205;0.0;0.0;0.09264484792947769;0.003694335464388132;0.003264585742726922;0.09029217064380646;20.7917614698569;46.709265944463134;3.1415953636169434;-0.005521929822862148;0.0;3.162278413772583;-0.0389660969376564;-0.06212358921766281;
19.4498348236084;22.86310386657715;0.5;19.512107494920897;22.656700011778376;0.2811052133373877;2.438225030899048;-0.0;0.0;2.4351923666181183;-0.005583735791698018;-0.002604067753639315;0.017826780676841736;0.32842957973480225;9.8100004196167;0.018620891496539116;0.33229029178619385;9.800740242004395;0.0;0.0;0.09264484792947769;-0.013326087035238743;0.011624048464000225;0.10144583880901337;22.880458778827368;45.74879930721082;3.141634941101074;-0.005448251962661743;0.0;3.08469557762146;-0.0016747895861044526;0.04143266752362251;
16.953584671020508;24.7681827545166;0.5;17.167007967611575;24.87162075318994;0.3450369123294078;2.5429446697235107;-0.0;0.0;2.5429587999032064;-0.004216790095410068;0.00483684944927383;0.01780422031879425;0.3282747268676758;9.8100004196167;-0.005713701248168945;0.3565782308578491;9.823076248168945;0.0;0.0;0.10148735344409943;-0.005477330181747675;-0.01628885231912136;0.09056676924228668;24.96466881721388;44.223295879695044;3.1416594982147217;-0.005533942487090826;0.0;3.114171266555786;-0.00289520132355392;-0.048273153603076935;
14.271873474121094;26.40189552307129;0.5;14.11690945276744;26.556470978230916;0.4832931961433643;2.6476645469665527;-0.0;0.0;2.6602255772496437;-0.007145693873637237;-0.006615497637422775;0.017753928899765015;0.32839062809944153;9.8100004196167;0.012483383528888226;0.34260639548301697;9.808844566345215;0.0;0.0;0.10148735344409943;-0.007880103774368763;-0.019179251044988632;0.11394291371107101;27.025223129957855;43.59027944090028;3.141624689102173;-0.005505844485014677;0.0;3.135465383529663;0.018834691494703293;0.016799965873360634;
11.434083938598633;27.7463436126709;0.5;11.542824792749725;27.80154009973357;0.5830392805105107;2.7523841857910156;-0.0;0.0;2.7549544181532273;-0.0041046658638216145;-0.013273757866852086;0.017714321613311768;0.32836925983428955;9.8100004196167;0.0276661179959774;0.347768634557724;9.806167602539062;0.0;0.0;0.09264484792947769;0.010613029822707176;-0.0032180703710764647;0.07542440295219421;29.046956215741556;41.78953288627611;3.1415531635284424;-0.005495608784258366;0.0;3.0846140384674072;-0.039363451302051544;-0.043716661632061005;
8.471306800842285;28.78679656982422;0.5;8.675768079200514;28.76270611910374;0.6267270697703042;2.8571040630340576;-0.0;0.0;2.861132857591219;-0.0018481176516920023;0.008406502806989152;0.017798714339733124;0.32832735776901245;9.8100004196167;0.015093885362148285;0.3306398093700409;9.812088012695312;0.0;0.0;0.10148735344409943;-0.0018107759533450007;0.003999109845608473;0.11429966986179352;31.017440273904565;40.76850505640965;3.1415677070617676;-0.005519880913197994;0.0;3.127728223800659;-0.05153092369437218;-0.023307304829359055;
5.416003227233887;29.51185417175293;0.5;5.710268539510062;29.75198890141546;0.26859607647521705;2.9618237018585205;-0.0;0.0;2.977889413990846;0.004678972955348341;0.013851796452390768;0.017776843160390854;0.3284482955932617;9.8100004196167;0.03236304223537445;0.3260759711265564;9.792320251464844;0.0;0.0;0.10148735344409943;-0.0022523708175867796;-0.0010933896992355585;0.09858106076717377;32.92618653993342;38.83514033674557;3.1415576934814453;-0.00542461546137929;0.0;3.1812314987182617;0.008012977428734303;0.05072690173983574;
2.301647424697876;29.913576126098633;0.5;2.1563209521119484;30.08947603784076;0.6616981493671377;3.0665435791015625;-0.0;0.0;3.0742687249816156;0.006752192770382998;-0.010088640339467991;0.01780625618994236;0.328301340341568;9.8100004196167;0.02834988757967949;0.3245543837547302;9.805798530578613;0.0;0.0;0.09264484792947769;0.005833784118294716;-0.008446194231510162;0.08825986832380295;34.76413256730018;36.949880019554854;3.141587257385254;-0.005475760903209448;0.0;3.097332000732422;0.04858190566301346;0.0602702759206295;
-0.8376387357711792;29.98755645751953;0.5;-0.8246797414946361;30.106441983308876;0.4495334282758302;-3.111922025680542;-0.0;0.0;-3.1029215097745553;-0.018161504187243965;-0.0027468770440391313;0.01778271421790123;0.3284057080745697;9.8100004196167;0.011761131696403027;0.35127100348472595;9.802827835083008;0.0;0.0;0.10148734599351883;0.009102473966777325;-0.003983203787356615;0.11964244395494461;36.52330743238093;34.949016138683405;3.141587734222412;-0.005425316747277975;0.0;3.1620609760284424;-0.023346809670329094;-0.046996116638183594;
-3.9674606323242188;29.732988357543945;0.5;-3.988176231463145;29.91924577143664;0.6886781247545155;-3.007202386856079;-0.0;0.0;-3.0163376604774434;-0.004515931441223474;0.017317995473189605;0.0177814569324255;0.32833683490753174;9.8100004196167;0.026963230222463608;0.3334418833255768;9.826150894165039;0.0;0.0;0.09264484792947769;-0.005734079983085394;-0.010099533013999462;0.08276079595088959;38.1966096906737;33.753102609798724;3.141592025756836;-0.005444077774882317;0.0;3.0691957473754883;-0.003285972634330392;-0.015868177637457848;
-7.053527355194092;29.152658462524414;0.5;-7.029844254731164;29.304050580636062;0.4940716756131036;-2.902482509613037;-0.0;0.0;-2.893902435601174;-0.006800456708912034;-0.0051368302155345045;0.017752565443515778;0.3283175528049469;9.8100004196167;0.031056039035320282;0.32053014636039734;9.809228897094727;0.0;0.0;0.10148734599351883;-0.012435748241841793;-0.0038376927841454744;0.09930054098367691;39.777658143570726;31.550502202175643;3.1415655612945557;-0.005482480861246586;0.0;3.0769474506378174;0.01996968686580658;0.03751135990023613;
-10.062027931213379;28.252925872802734;0.5;-10.112768362233114;28.357296060300207;0.3754286688809277;-2.797762870788574;-0.0;0.0;-2.779162585084501;0.007425070017842056;0.007710544981615778;0.017812520265579224;0.32838594913482666;9.8100004196167;0.015839755535125732;0.3168875277042389;9.832789421081543;0.0;0.0;0.09264484792947769;-0.007705968804657459;-0.004997875541448593;0.08231817185878754;41.26069048010155;30.582132015872816;3.1415951251983643;-0.005449505988508463;0.0;3.0906946659088135;-7.05679995007813e-05;-0.011843851767480373;
-12.959999084472656;27.043649673461914;0.5;-12.97598357683259;27.12655459213513;0.73463922370857;-2.6930429935455322;-0.0;0.0;-2.702697672678799;0.006664173835566989;-0.010173540632337184;0.017769798636436462;0.32826414704322815;9.8100004196167;0.01718829944729805;0.3190445899963379;9.810335159301758;0.0;0.0;0.10148735344409943;0.008193635381758213;0.007784764748066664;0.1118001788854599;42.64049392137474;28.555265159719582;3.141585350036621;-0.00554162310436368;0.0;3.1393744945526123;0.09350678324699402;-0.05444377660751343;
-15.715691566467285;25.538076400756836;0.5;-15.566560031684759;25.65809804311755;0.2883776019520291;-2.5883233547210693;-0.0;0.0;-2.5778685460364517;0.003953760783951665;-0.00411180964559101;0.017792612314224243;0.32837480306625366;9.8100004196167;0.04435104504227638;0.30867457389831543;9.81966495513916;0.0;0.0;0.10148735344409943;0.0027087072376161814;0.0041309138759970665;0.10378503799438477;43.91235756862517;26.08715700626943;3.1415886878967285;-0.0055215684697031975;0.0;3.0824356079101562;-0.004288250580430031;-0.05632568150758743;
-18.298912048339844;23.752702713012695;0.5;-18.515494940171777;23.802730023379482;0.6111531562573811;-2.4836034774780273;-0.0;0.0;-2.4730643842104154;0.0029453316751182693;0.013910801217890486;0.017691314220428467;0.3283952474594116;9.8100004196167;0.015316738747060299;0.32896995544433594;9.814311981201172;0.0;0.0;0.09264484792947769;0.006086441222578287;0.005781339947134256;0.1029440239071846;45.07203964741193;23.90404690126699;3.141493082046509;-0.00548151321709156;0.0;3.1020960807800293;-0.02174629084765911;-0.028023390099406242;
-20.681360244750977;21.707088470458984;0.5;-20.407110845133854;21.564017609138308;0.42950666973687385;-2.3788838386535645;-0.0;0.0;-2.3769709932902714;0.00431686817799326;0.003300376996657772;0.017884716391563416;0.3283049762248993;9.8100004196167;0.011760929599404335;0.3237859010696411;9.808984756469727;0.0;0.0;0.09264484792947769;0.016209939494729042;0.00343454722315073;0.08545690029859543;46.115745069272045;21.353429654665888;3.1415953636169434;-0.005521929822862148;0.0;3.1367924213409424;0.04257087782025337;0.008449727669358253;
-22.836931228637695;19.423646926879883;0.5;-22.721034039087833;19.650851168759647;0.500220085745985;-2.2741639614105225;-0.0;0.0;-2.2649553293494145;0.005663901987509723;0.0008264076475600589;0.017826780676841736;0.32842957973480225;9.8100004196167;0.02663372829556465;0.3392694294452667;9.796483039855957;0.0;0.0;0.09264484792947769;0.004564560018479824;0.005155250430107117;0.10824956744909286;47.040110181087385;19.497844744003228;3.141634941101074;-0.005448251962661743;0.0;3.160454511642456;-0.07566564530134201;0.017382381483912468;
-24.74201011657715;16.927396774291992;0.5;-24.95580170895637;16.980427013065253;0.7413633991895695;-2.1694443225860596;-0.0;0.0;-2.169973554719475;0.008082889055388169;-0.0018102185814204707;0.01780422031879425;0.3282747268676758;9.8100004196167;0.0163438618183136;0.3157634437084198;9.814058303833008;0.0;0.0;0.10148735344409943;0.007086425554007292;6.0064499848522246e-05;0.09269450604915619;47.842192531439714;18.27702510068008;3.1416594982147217;-0.005533942487090826;0.0;3.1172306537628174;-0.0032297279685735703;-0.007620503194630146;
-26.375722885131836;14.245685577392578;0.5;-26.337249465705774;14.280095709996282;0.634730961256725;-2.0647244453430176;-0.0;0.0;-2.0669019471424397;0.006687625150477465;-0.022570284078865965;0.017753928899765015;0.32839062809944153;9.8100004196167;0.027648068964481354;0.3144276738166809;9.796586990356445;0.0;0.0;0.10148735344409943;-0.013597751967608929;-0.0014158174162730575;0.12037432938814163;48.51946412929967;15.646581562888622;3.141624689102173;-0.005505844485014677;0.0;3.186145067214966;-0.010041058994829655;-0.01285598799586296;
-27.720170974731445;11.407896041870117;0.5;-27.784662324441516;11.472188720636721;0.8750988813269367;-1.9600048065185547;-0.0;0.0;-1.9586814781149158;-0.006221026442759511;-0.0013981746876999416;0.01776726543903351;0.3283909559249878;9.8100004196167;0.01137259416282177;0.32930317521095276;9.8306245803833;0.0;0.0;0.09264484792947769;-0.012908137403428555;-0.002479046816006303;0.10725655406713486;49.06980711350355;14.466061792241542;3.141606092453003;-0.00547389592975378;0.0;3.151242256164551;-0.016242103651165962;-0.020694930106401443;
-28.760623931884766;8.44511890411377;0.5;-28.82115513407461;8.496638192079466;0.337186322827902;-1.8552850484848022;-0.0;0.0;-1.8523839102689887;0.007123440432144094;-0.0018515509465214862;0.017798714339733124;0.32832735776901245;9.8100004196167;0.016603223979473114;0.3307420313358307;9.810542106628418;0.0;0.0;0.10148735344409943;-0.006854885257780552;-0.007514995988458395;0.11557299643754959;49.49151106116267;12.724392495391115;3.14162278175354;-0.005503821186721325;0.0;3.1368014812469482;0.00716954143717885;0.08508589118719101;
-29.48568344116211;5.389815330505371;0.5;-29.399797818557683;5.22677677712168;0.544016760646965;-1.7505652904510498;-0.0;0.0;-1.7518189237692778;0.0005474423742645735;0.01808425775812828;0.017769157886505127;0.32833054661750793;9.8100004196167;0.017168337479233742;0.32943034172058105;9.811291694641113;0.0;0.0;0.10148735344409943;-0.008353089913725853;-0.013999925926327705;0.1096995398402214;49.783271384220605;10.597564985799837;3.141606330871582;-0.005532096605747938;0.0;3.1439499855041504;-0.02649364247918129;-7.799502782290801e-05;
-29.88740348815918;2.2754597663879395;0.5;-30.048621999921547;2.1747251763921045;0.5299054129402402;-1.6458455324172974;-0.0;0.0;-1.6537966541341518;0.0023859358169566677;0.021334804896784753;0.01776914671063423;0.32841330766677856;9.8100004196167;0.020727165043354034;0.33108222484588623;9.822176933288574;0.0;0.0;0.09264484792947769;-0.01130333449691534;0.02230546995997429;0.09563769400119781;49.944188425235815;10.385484857373564;3.141587257385254;-0.005475760903209448;0.0;3.1223740577697754;-0.011172892525792122;-0.010073701851069927;
-29.96138572692871;-0.8638262748718262;0.5;-29.87518177173458;-0.8737851783133825;0.10666670144717694;-1.541125774383545;-0.0;0.0;-1.5351133648831046;-0.00931826706039417;0.009766817123603493;0.017779318615794182;0.3282913267612457;9.8100004196167;0.009840894490480423;0.3219400644302368;9.816497802734375;0.0;0.0;0.10148734599351883;0.0039942096918821335;-0.01923629827797413;0.10309965908527374;49.97376698589589;9.61132772283351;3.1415841579437256;-0.005539707373827696;0.0;3.150622606277466;-0.05183829367160797;-0.010360497049987316;
-29.706815719604492;-3.9936482906341553;0.5;-29.755645348251598;-4.063698474652636;-0.039013239023252155;-1.4364060163497925;-0.0;0.0;-1.4384814334989464;0.00856321287637043;-0.003495806484048569;0.017796790227293968;0.3284502625465393;9.8100004196167;0.021434053778648376;0.3138834834098816;9.804737091064453;0.0;0.0;0.09264484792947769;0.00604361854493618;-0.006715054158121347;0.0945630595088005;49.87191611847795;10.197793265995493;3.141592025756836;-0.005444077774882317;0.0;3.1658782958984375;0.003332046791911125;0.019197816029191017;
-29.12648582458496;-7.079715251922607;0.5;-29.01432703322942;-7.235839026485286;0.5358007635865297;-1.33168625831604;-0.0;0.0;-1.3371853333555133;0.010246072164546398;-0.01196807554241372;0.017780359834432602;0.3283107876777649;9.8100004196167;0.02114524133503437;0.30813702940940857;9.78892993927002;0.0;0.0;0.10148734599351883;9.531604155199602e-05;-0.01941782422363758;0.09979987889528275;49.638949091400846;11.545758271714602;3.1415934562683105;-0.005489256698638201;0.0;3.204529047012329;-0.007497775834053755;-0.026867834851145744;
-28.226755142211914;-10.088214874267578;0.5;-28.14733585653903;-10.135403050993892;0.38541564258576044;-1.2269665002822876;-0.0;0.0;-1.2335731409203685;-0.012909130421745072;-0.019532344884274466;0.017747007310390472;0.32828786969184875;9.8100004196167;0.015886293724179268;0.32098862528800964;9.813211441040039;0.0;0.0;0.09264484792947769;-0.010587964206933975;-0.012736444361507893;0.07782557606697083;49.27558351289392;13.584298033402364;3.14155650138855;-0.005557248834520578;0.0;3.1432693004608154;-0.09520141035318375;-0.011185758747160435;
-27.01747703552246;-12.986186981201172;0.5;-27.081702359074942;-13.055597975072372;0.07436492529228989;-1.1222467422485352;-0.0;0.0;-1.1226133199846027;-0.0002949863757583695;0.003817894622792188;0.017819419503211975;0.3283672630786896;9.8100004196167;0.018938787281513214;0.3316471576690674;9.819846153259277;0.0;0.0;0.10148735344409943;-0.027753200381994247;-0.008461092598736286;0.11029230803251266;48.782941668254864;14.922803244116176;3.141585350036621;-0.00554162310436368;0.0;3.142899751663208;-0.03636942431330681;0.05891411751508713;
-25.511903762817383;-15.741878509521484;0.5;-25.518250641944483;-15.47441801095016;0.48629597379191997;-1.0175269842147827;-0.0;0.0;-1.0163968194530135;0.003011345991259952;0.006140708087351253;0.017743930220603943;0.32840484380722046;9.8100004196167;0.004312899895012379;0.34016695618629456;9.833901405334473;0.0;0.0;0.10148735344409943;0.015040984377264977;0.010458984412252903;0.10444814711809158;48.16255120260986;16.542650291350473;3.141540050506592;-0.005491500720381737;0.0;3.1137917041778564;0.05369185656309128;0.00838916003704071;
-23.726530075073242;-18.32509994506836;0.5;-23.85007488223289;-18.463931873053774;0.7540739018613567;-0.9128072261810303;-0.0;0.0;-0.9177136971684257;0.0011115196639019654;-0.003230209716260683;0.017827138304710388;0.32829028367996216;9.8100004196167;0.019249651581048965;0.3273124694824219;9.804914474487305;0.0;0.0;0.09264484792947769;-0.006024520378559828;0.01585255190730095;0.09618445485830307;47.41634636962876;18.576941814490443;3.1415834426879883;-0.005551496986299753;0.0;3.1062891483306885;0.03418948873877525;0.0036160890012979507;
-21.68091583251953;-20.707548141479492;0.5;-21.76780487614923;-20.555734504116725;0.43946154027028267;-0.8080874681472778;-0.0;0.0;-0.806279419020553;-0.0016250768835925453;0.016851470007192695;0.017801985144615173;0.32838404178619385;9.8100004196167;0.028171999379992485;0.3286820650100708;9.802140235900879;0.0;0.0;0.09264484792947769;0.01362492237240076;-0.00967380777001381;0.09950879216194153;46.546670176074215;20.518717339729275;3.1415953636169434;-0.005521929822862148;0.0;3.1255578994750977;0.005628516431897879;0.012724708765745163;
-19.39747428894043;-22.86311912536621;0.5;-19.280212711728744;-22.777639019260345;0.6347556673755165;-0.7033677101135254;-0.0;0.0;-0.7064888709838518;-0.004442742623022743;0.003845830872054012;0.017826780676841736;0.32842957973480225;9.8100004196167;0.01745990477502346;0.3251679539680481;9.803091049194336;0.0;0.0;0.09264484792947769;-0.002253822749480605;0.0018105515046045184;0.0761987715959549;45.556277894161234;22.99387932921369;3.141634941101074;-0.005448251962661743;0.0;3.169586658477783;-0.051333099603652954;0.047777943313121796;
-16.90122413635254;-24.768198013305664;0.5;-17.056964940913332;-24.84787639468712;0.49997929662875157;-0.5986478924751282;-0.0;0.0;-0.5925554800746359;-0.004853950622487639;-0.012348280428033348;0.01780422031879425;0.3282747268676758;9.8100004196167;0.02192361280322075;0.321767121553421;9.814238548278809;0.0;0.0;0.10148735344409943;-0.002326128538697958;-0.0187670961022377;0.08375496417284012;44.44834260516912;25.344361627739755;3.1416594982147217;-0.005533942487090826;0.0;3.1636593341827393;0.05612652748823166;0.011458971537649632;
-14.219513893127441;-26.40191078186035;0.5;-14.00706455421579;-26.42365692548823;0.4509892386388075;-0.4939281940460205;-0.0;0.0;-0.4888403234482296;-0.006644017671605149;-0.009427589549192142;0.017703548073768616;0.32836347818374634;9.8100004196167;-0.008498137816786766;0.32806453108787537;9.816145896911621;0.0;0.0;0.10148735344409943;0.009790022857487202;-0.014679571613669395;0.10389959812164307;43.226463703102674;26.80157307731213;3.1415741443634033;-0.005532972048968077;0.0;3.1522393226623535;-0.06252279877662659;0.0004136187199037522;
-11.38172435760498;-27.74635887145996;0.5;-11.571297677587657;-27.713880608281244;0.08820176025469095;-0.38920843601226807;-0.0;0.0;-0.3806293119189008;-0.0033952603272015803;-0.0028059338324960665;0.01776726543903351;0.3283909559249878;9.8100004196167;-0.0005596186383627355;0.3317429721355438;9.827005386352539;0.0;0.0;0.09264484792947769;4.5024116843706e-05;-0.004884535912424326;0.07990943640470505;41.89467966341854;28.880817161425664;3.1415531635284424;-0.005495608784258366;0.0;3.169570207595825;-0.045984987169504166;-0.042023077607154846;
-8.418947219848633;-28.78681182861328;0.5;-8.33604997306142;-28.936186638536903;0.47675609038275757;-0.2844886779785156;-0.0;0.0;-0.2865152479859026;0.0054841952719559125;0.003892185025585994;0.017798714339733124;0.32832735776901245;9.8100004196167;0.02467156946659088;0.3267250955104828;9.783284187316895;0.0;0.0;0.10148735344409943;-0.013181949965655804;0.0034624768886715174;0.12242966890335083;40.45748692583891;31.693706440401936;3.1415677070617676;-0.005519880913197994;0.0;3.1090986728668213;0.0013380686286836863;0.008009382523596287;
-5.363643169403076;-29.511869430541992;0.5;-5.087252060420447;-29.59600567555883;0.5045218950137633;-0.17976891994476318;-0.0;0.0;-0.18287682279303877;-0.005639521104336757;0.008697445704629062;0.017804991453886032;0.3284534215927124;9.8100004196167;0.013497520238161087;0.32120078802108765;9.790151596069336;0.0;0.0;0.10148735344409943;-0.014894276857376099;0.006314598955214024;0.09328116476535797;38.9198675413621;34.03796178569559;3.1415858268737793;-0.005419500172138214;0.0;3.186854600906372;-0.03824213519692421;0.06475264579057693;
-2.2492876052856445;-29.913591384887695;0.5;-2.355479573632401;-29.944196980398644;0.30445170280137823;-0.07504915446043015;-0.0;0.0;-0.06758982621899909;-0.0016849599632887886;0.008385756672899205;0.01777772791683674;0.3282991945743561;9.8100004196167;0.016209842637181282;0.31133708357810974;9.821374893188477;0.0;0.0;0.09264484792947769;-0.0018188540125265718;-0.0026882027741521597;0.0822843611240387;37.28732943431111;34.659170555214246;3.141587257385254;-0.005475760903209448;0.0;3.077169418334961;0.09319192171096802;-0.034853674471378326;
0.8899986147880554;-29.987571716308594;0.5;0.8181445327471295;-30.095614136610916;0.7078423236326474;0.02967059798538685;-0.0;0.0;0.0438497827261661;-0.002571862810900778;-0.020904953820102747;0.01778271421790123;0.3284057080745697;9.8100004196167;0.015557329170405865;0.3342640697956085;9.811345100402832;0.0;0.0;0.10148734599351883;-0.00923706404864788;0.00826124008744955;0.10691401362419128;35.56596496229861;36.980222129531064;3.141587734222412;-0.005425316747277975;0.0;3.1446268558502197;0.010435694828629494;0.001441319938749075;
