0.016767
0.016755
0.016883
0.016864
0.016831
0.016966
0.016922
0.016908
0.016879
0.016853
0.016911
0.016847
0.016841
0.016898
0.016929
0.017523
0.016968
0.016974
0.016924
0.017042
0.016907
0.016882
0.016989
0.016883
0.016849
0.01698
0.016848
0.016849
0.016981
0.016885
0.016891
0.01743
0.016919
0.016896
0.016902
0.017039
0.017197
0.016934
0.016883
0.01688
0.016888
0.01697
0.016838
0.016881
0.01683
0.016874
0.01682
0.017218
0.016905
0.016813
0.016817
0.016833
0.016907
0.016911
0.016839
0.01684
0.016955
0.016855
0.016847
0.016894
0.016845
0.016885
0.016876
0.017226
0.016906
0.016873
0.016862
0.016839
0.016842
0.016922
0.016877
0.016935
0.016896
0.01693
0.016919
0.016915
0.016941
0.016835
0.016967
0.017243
0.016867
0.017052
0.016861
0.016862
0.016872
0.016872
0.01683
0.016811
0.016896
0.016871
0.016841
0.016864
0.016841
0.016874
0.016823
0.017269
0.016866
0.016822
0.016827
0.016899
0.016847
0.016819
0.016838
0.016907
0.016875
0.016859
0.016844
0.016839
0.016858
0.016867
0.016901
0.017328
0.016848
0.01693
0.016897
0.016904
0.016864
0.016832
0.016875
0.016884
0.016885
0.016952
0.016901
0.016891
0.016895
0.016883
0.016892
0.030259
0.016852
0.016842
0.016875
0.016889
0.016846
0.017023
0.016931
0.01685
0.016849
0.016842
0.01685
0.016849
0.016887
0.016906
0.016986
0.017253
0.01685
0.016856
0.016833
0.016911
0.016827
0.016826
0.016867
0.016818
0.016855
0.016833
0.016826
0.016857
0.016829
0.016825
0.016877
0.017512
0.016822
0.016836
0.016818
0.016872
0.016831
0.016877
0.016842
0.016858
0.016839
0.016851
0.016869
0.016805
0.016919
0.016847
0.016893
0.017133
0.016882
0.016908
0.016825
0.016862
0.016841
0.016837
0.016833
0.01684
0.016835
0.016836
0.016868
0.016833
0.016992
0.016829
0.016842
0.017411
0.016879
0.016967
0.01689
0.016838
0.016918
0.016869
0.016887
0.016857
0.01685
0.01683
0.016826
0.016836
0.0169
0.01684
0.016893
0.017306
0.016872
0.016855
0.016832
0.016836
0.016846
0.016872
0.016832
0.01687
0.016876
0.01684
0.016911
0.016842
0.016849
0.01691
0.016883
0.017137
0.016851
0.016882
0.016821
0.016883
0.016907
0.016866
0.016821
0.016883
0.01687
0.016828
0.016834
0.016829
0.01688
0.016877
0.01688
0.017487
0.016851
0.016834
0.016884
0.016927
0.016875
0.017104
0.016955
0.016823
0.01682
0.016825
0.016821
0.016823
0.016816
0.016821
0.016826
0.027429
0.016874
0.016882
0.016889
0.016908
0.01684
0.016885
0.016861
0.017112
0.016948
0.017047
0.01687
0.01685
0.016849
0.016815
0.016839
0.017224
0.016843
0.01682
0.016895
0.016887
0.016842
0.016906
0.016893
0.016907
0.016874
0.016871
0.016918
0.016859
0.016866
0.016883
0.016989
0.017417
0.017001
0.017028
0.016911
0.017004
0.016939
0.016908
0.016852
0.016932
0.016982
0.016965
0.016937
0.01694
0.016866
0.017222
0.017007
0.016932
0.017088
0.016867
0.017201
0.016837
0.016846
0.016841
0.01683
0.016912
0.016828
0.016848
0.017157
0.016895
0.016878
0.016824
0.016835
0.016907
0.016842
0.016882
0.016878
0.016818
0.016853
0.016826
0.016858
0.017325
0.016868
0.016917
0.016872
0.016868
0.016964
0.016966
0.016941
0.01691
0.01694
0.016895
0.016877
0.017036
0.017611
0.017051
0.016917
0.016866
0.016864
0.017038
0.016923
0.016867
0.016937
0.016878
0.016886
0.016902
0.016827
0.026403
0.016954
0.01695
0.016905
0.016863
0.016917
0.017035
0.016954
0.016953
0.016894
0.016875
0.016943
0.016888
0.017136
0.017043
0.016918
0.01705
0.01692
0.01692
0.016842
0.016994
0.016876
0.016908
0.016882
0.016844
0.016992
0.017281
0.016896
0.016882
0.016901
0.016849
0.016841
0.016858
0.016931
0.016924
0.016895
0.016846
0.016958
0.016871
0.017573
0.016919
0.016915
0.016849
0.016863
0.016862
0.016913
0.016914
0.016864
0.016849
0.016931
0.017023
0.016908
0.01723
0.01703
0.016942
0.01691
0.017075
0.016946
0.017047
0.01686
0.016909
0.017029
0.016868
0.016859
0.016894
0.017135
0.01684
0.016893
0.017022
0.016919
0.016925
0.016846
0.016907
0.016889
0.016912
0.016837
0.016898
0.016848
0.017351
0.016917
0.016894
0.016855
0.016897
0.016916
0.016919
0.016866
0.017124
0.016897
0.017014
0.016843
0.017017
0.017479
0.017016
0.016961
0.017029
0.016847
0.016952
0.01685
0.017124
0.016907
0.016933
0.0169
0.016859
0.016899
0.028818
0.017015
0.016897
0.016904
0.016854
0.016956
0.01689
0.016985
0.016998
0.017043
0.016858
0.016918
0.016918
0.017278
0.017015
0.016861
0.017017
0.016898
0.016962
0.016867
0.01693
0.016957
0.016905
0.01686
0.016891
0.016872
0.017186
0.016874
0.016961
0.016932
0.016868
0.016916
0.016863
0.017082
0.016897
0.016909
0.016899
0.016915
0.016896
0.017229
0.016897
0.017028
0.01691
0.016929
0.016901
0.016859
0.017023
0.016968
0.01689
0.016882
0.016837
0.016883
0.017398
0.016833
0.016842
0.016884
0.017002
0.016834
0.016848
0.016899
0.016889
0.01693
0.01687
0.016854
0.016856
0.017173
0.016878
0.016924
0.016917
0.016887
0.016958
0.016962
0.016913
0.016879
0.016861
0.016885
0.016859
0.01683
0.017707
0.016888
0.016891
0.016897
0.016864
0.016848
0.016852
0.016891
0.0169
0.016908
0.016853
0.016894
0.016926
0.017696
0.016842
0.016875
0.016851
0.016878
0.016886
0.016853
0.016825
0.016876
0.016824
0.016821
0.016867
0.016829
0.030087
0.016879
0.016874
0.016832
0.016872
0.016873
0.016829
0.016872
0.016829
0.016873
0.016817
0.016821
0.016873
0.017305
0.0169
0.016847
0.016847
0.016876
0.016836
0.016918
0.016868
0.016851
0.016889
0.016882
0.016865
0.016886
0.017353
0.016872
0.016912
0.016942
0.016947
0.01685
0.016892
0.016852
0.016916
0.016969
0.016898
0.016844
0.016886
0.017168
0.016843
0.016955
0.016903
0.017013
0.016853
0.01703
0.016872
0.016965
0.017038
0.016827
0.016868
0.016942
0.017268
0.016992
0.016898
0.016878
0.016906
0.016922
0.016866
0.016881
0.016857
0.01687
0.01685
0.016856
0.016888
0.01716
0.016862
0.016917
0.016926
0.017005
0.016926
0.016889
0.016954
0.016888
0.016853
0.016925
0.017033
0.016916
0.017392
0.016859
0.016933
0.016923
0.016909
0.01694
0.016883
0.016955
0.016936
0.017162
0.016933
0.017157
0.016898
0.026153
0.016882
0.016971
0.016843
0.01693
0.01684
0.016849
0.017024
0.017051
0.016919
0.016945
0.016884
0.016887
0.017377
0.016882
0.016841
0.016919
0.016843
0.016861
0.016861
0.016838
0.016848
0.016837
0.016832
0.016867
0.01683
0.01743
0.016863
0.016832
0.01683
0.016866
0.016886
0.016881
0.01703
0.016832
0.016882
0.016826
0.016872
0.016854
0.017234
0.016911
0.016884
0.016877
0.0169
0.016906
0.016901
0.016917
0.016932
0.016892
0.016897
0.01689
0.016896
0.017427
0.01689
0.016897
0.016967
0.016851
0.016844
0.01684
0.017062
0.016876
0.016945
0.016909
0.016886
0.016902
0.017301
0.016854
0.016843
0.016876
0.016884
0.016858
0.016889
0.016843
0.016858
0.016939
0.016858
0.016846
0.016827
0.017239
0.016883
0.016872
0.016865
0.016868
0.016901
0.016854
0.016853
0.016869
0.016899
0.016857
0.016883
0.016852
0.017482
0.0169
0.016895
0.017018
0.016891
0.01691
0.016833
0.016844
0.016894
0.01689
0.016892
0.016892
0.016891
0.027849
0.016846
0.01686
0.017023
0.016896
0.016889
0.016889
0.016847
0.016892
0.016848
0.017013
0.016843
0.016886
0.017353
0.016896
0.016847
0.016843
0.016873
0.017035
0.016978
0.017038
0.016904
0.016827
0.016835
0.016923
0.016879
0.017152
0.016884
0.016834
0.016834
0.016917
0.016862
0.016937
0.016924
0.016887
0.016918
0.016858
0.016869
0.016884
0.01733
0.016878
0.017061
0.01691
0.016958
0.016931
0.016978
0.016904
0.01702
0.016932
0.016937
0.016902
0.01688
0.017639
0.016935
0.016905
0.016901
0.016855
0.016985
0.017
0.016938
0.016905
0.016899
0.01692
0.016868
0.016878
0.017145
0.016853
0.017022
0.01688
0.016839
0.016903
0.016849
0.016875
0.016859
0.016855
0.016868
0.016871
0.016912
0.017356
0.016909
0.017042
0.017052
0.016948
0.017022
0.01687
0.01692
0.016922
0.016952
0.017029
0.017028
0.016909
0.017246
0.016864
0.016898
0.016854
0.016948
0.016934
0.017047
0.016955
0.016941
0.017042
0.016905
0.016888
0.017019
0.027552
0.016925
0.016926
0.016944
0.016897
0.016912
0.016902
0.016985
0.016959
0.01705
0.016915
0.016899
0.016845
0.017206
0.016831
0.016906
0.017003
0.016852
0.016895
0.016839
0.016925
0.016842
0.016838
0.016879
0.016834
0.01683
0.017343
0.016844
0.016845
0.016907
0.016846
0.016916
0.016859
0.016959
0.016896
0.016876
0.016874
0.016854
0.016858
0.017322
0.016858
0.016849
0.016847
0.016856
0.016921
0.016899
0.016919
0.016932
0.016902
0.016881
0.016979
0.016893
0.017323
0.016854
0.016863
0.016906
0.016914
0.017054
0.016912
0.016921
0.016822
0.01692
0.016835
0.016924
0.016877
0.017272
0.016829
0.016832
0.016882
0.016842
0.016939
0.016905
0.016842
0.016897
0.017037
0.016854
0.016897
0.016864
0.017313
0.016859
0.016858
0.016932
0.016951
0.016928
0.016981
0.016862
0.016899
0.016848
0.01697
0.016968
0.016926
0.017339
0.016869
0.016923
0.016847
0.016927
0.016898
0.016948
0.016961
0.017296
0.016835
0.016951
0.016966
0.016901
0.02651
0.016938
0.016856
0.01692
0.01689
0.017032
0.016901
0.017016
0.016851
0.01704
0.016845
0.016918
0.016916
0.017413
0.017005
0.017019
0.016912
0.016998
0.016853
0.017011
0.016948
0.016881
0.016889
0.016899
0.016925
0.016914
0.017349
0.016842
0.0169
0.016849
0.016909
0.016913
0.016903
0.016894
0.016893
0.016872
0.017039
0.016915
0.016852
0.017524
0.017013
0.016875
0.017023
0.01702
0.017018
0.016891
0.01685
0.016904
0.016932
0.016984
0.016868
0.016889
0.017826
0.016926
0.016898
0.01691
0.016835
0.017013
0.016844
0.016899
0.016922
0.016866
0.016933
0.016854
0.016866
0.017356
0.016852
0.016883
0.016886
0.016883
0.016934
0.016934
0.016908
0.016955
0.016854
0.016936
0.016917
0.016927
0.017319
0.017038
0.016898
0.016907
0.016961
0.016863
0.017032
0.016853
0.016913
0.016914
0.01685
0.016892
0.016908
0.028026
0.016902
0.017038
0.016899
0.017056
0.016924
0.017003
0.016863
0.017014
0.016842
0.01704
0.016903
0.017
0.017351
0.017106
0.016857
0.016837
0.016839
0.0169
0.016882
0.016828
0.016831
0.016883
0.0169
0.016845
0.016842
0.017254
0.016976
0.016921
0.016861
0.016856
0.016859
0.016834
0.016829
0.016857
0.01686
0.016859
0.016886
0.016916
0.017243
0.016928
0.016873
0.016897
0.016905
0.016924
0.016845
0.016875
0.016844
0.016865
0.016862
0.016902
0.016925
0.017185
0.016862
0.016848
0.016936
0.016847
0.016881
0.016842
0.016856
0.016841
0.016864
0.016858
0.016858
0.01683
0.017257
0.016829
0.016827
0.016905
0.016817
0.016827
0.016906
0.016837
0.016903
0.016864
0.01691
0.016837
0.016943
0.017321
0.016828
0.01682
0.016871
0.016832
0.016891
0.016882
0.016836
0.016855
0.0169
0.016879
0.016881
0.016882
0.017093
0.016902
0.016848
0.016879
0.016899
0.016885
0.016889
0.016846
0.016858
0.016852
0.016882
0.016871
0.016854
0.02763
0.016884
0.016914
0.016966
0.016905
0.016886
0.016903
0.016899
0.016862
0.017039
0.016899
0.016845
0.016856
0.017063
0.017014
0.017042
0.016914
0.017035
0.01686
0.0169
0.016861
0.01691
0.017022
0.016995
0.01702
0.0169
0.017134
0.016903
0.017036
0.01693
0.016845
0.016894
0.016922
0.016864
0.016886
0.016856
0.016924
0.016859
0.016907
0.017104
0.016915
0.016908
0.01685
0.01684
0.016853
0.016871
0.016914
0.016938
0.016935
0.016942
0.017056
0.016908
0.017172
0.016944
0.017026
0.016939
0.017029
0.016927
0.016865
0.016849
0.016914
0.016919
0.016932
0.017036
0.016939
0.017118
0.01735
0.016892
0.016923
0.016894
0.016907
0.016917
0.016849
0.016899
0.016892
0.016928
0.016893
0.01684
0.017067
0.016866
0.016899
0.016845
0.016839
0.016853
0.016844
0.016865
0.016913
0.016916
0.016868
0.016875
0.01696
0.017172
0.0169
0.016905
0.016852
0.017016
0.016851
0.016935
0.016999
0.016905
0.016923
0.017028
0.016898
0.016861
0.026313
0.016893
0.016934
0.016877
0.017046
0.017022
0.016858
0.016914
0.01702
0.017014
0.016932
0.016879
0.017012
0.017346
0.016858
0.01692
0.016872
0.017042
0.01689
0.016846
0.016895
0.01694
0.016977
0.016835
0.016906
0.01694
0.01723
0.016856
0.016912
0.016921
0.016979
0.016933
0.01691
0.016927
0.01688
0.016911
0.016887
0.01686
0.017041
0.017475
0.016884
0.016946
0.016937
0.016889
0.016944
0.016875
0.016865
0.016877
0.016852
0.016852
0.016903
0.01685
0.017422
0.016843
0.016919
0.01693
0.016856
0.016847
0.016891
0.016844
0.016843
0.016854
0.016891
0.017008
0.016854
0.017209
0.016891
0.016888
0.017004
0.01683
0.017002
0.016834
0.016985
0.016821
0.016894
0.016874
0.01691
0.01689
0.01742
0.016859
0.016926
0.016909
0.016837
0.016871
0.016968
0.016891
0.016917
0.01692
0.01692
0.016914
0.017046
0.017319
0.017027
0.016923
0.017013
0.016934
0.016907
0.0169
0.016972
0.016946
0.016901
0.017019
0.016952
0.016925
0.028973
0.016868
0.016935
0.016855
0.016948
0.016857
0.01687
0.016849
0.016849
0.016939
0.016973
0.016839
0.01686
0.017332
0.01698
0.016907
0.016882
0.016898
0.016932
0.016901
0.016889
0.01683
0.016909
0.016877
0.016904
0.016861
0.017321
0.016933
0.01693
0.016831
0.016909
0.016858
0.016837
0.016863
0.016865
0.016948
0.016858
0.016973
0.016933
0.017129
0.016914
0.016924
0.016874
0.016909
0.016931
0.016963
0.016947
0.01692
0.016907
0.01695
0.01691
0.01693
0.017377
0.016904
0.016953
0.016955
0.017049
0.016842
0.016939
0.016845
0.016898
0.01684
0.016899
0.016842
0.01683
0.017144
0.0169
0.016873
0.016836
0.016893
0.016896
0.016838
0.016898
0.016876
0.016837
0.016851
0.016886
0.016896
0.017128
0.016905
0.016883
0.016898
0.016885
0.016854
0.016905
0.016903
0.016954
0.01689
0.016896
0.016882
0.016914
0.028606
0.016846
0.016868
0.016856
0.016884
0.016855
0.016875
0.01687
0.016936
0.016848
0.016901
0.016878
0.016889
0.017139
0.016895
0.016928
0.016872
0.016896
0.016884
0.016843
0.016876
0.016876
0.016875
0.016891
0.016891
0.016892
0.017294
0.01698
0.016926
0.017182
0.016839
0.016929
0.016891
0.016855
0.016884
0.016835
0.016923
0.016841
0.016862
0.017487
0.0169
0.016849
0.016829
0.016835
0.01688
0.016846
0.01686
0.016871
0.016853
0.016934
0.016859
0.016886
0.017133
0.01687
0.016875
0.016847
0.016857
0.016849
0.016835
0.016838
0.016885
0.016837
0.016845
0.016859
0.01694
0.01722
0.016916
0.016895
0.016882
0.016862
0.016839
0.016857
0.016846
0.0169
0.016852
0.016879
0.016949
0.017034
0.01738
0.016846
0.016854
0.01691
0.016833
0.016838
0.016838
0.01692
0.016885
0.016913
0.016869
0.016849
0.016939
0.017375
0.016844
0.016849
0.016854
0.016847
0.016895
0.016929
0.016872
0.016888
0.016941
0.016901
0.016901
0.016852
0.026476
0.016828
0.016837
0.016895
0.016866
0.016854
0.016883
0.016866
0.016934
0.016848
0.016921
0.016923
0.016893
0.017248
0.016895
0.016896
0.016885
0.016858
0.01695
0.01688
0.016914
0.016852
0.016916
0.016858
0.01689
0.016893
0.017431
0.01685
0.016898
0.016904
0.016897
0.016889
0.016842
0.016851
0.016901
0.016902
0.017002
0.016891
0.01685
0.017397
0.016832
0.016911
0.016824
0.016858
0.016824
0.01683
0.016897
0.016907
0.016818
0.01682
0.016834
0.016877
0.017286
0.016874
0.01683
0.016829
0.016851
0.016917
0.016862
0.01686
0.016885
0.01691
0.016856
0.016902
0.016925
0.017476
0.016863
0.016848
0.016836
0.016882
0.016903
0.016906
0.016934
0.016841
0.016928
0.016847
0.016934
0.016852
0.017069
0.016941
0.016842
0.016844
0.016834
0.016897
0.016918
0.017069
0.016912
0.017072
0.016815
0.016828
0.01682
0.017401
0.016831
0.016825
0.016907
0.016822
0.016826
0.016827
0.016838
0.016823
0.016831
0.016873
0.016823
0.016832
0.029816
0.016889
0.016844
0.016832
0.016877
0.016832
0.01683
0.016829
0.016855
0.016822
0.016875
0.016874
0.016845
0.0175
0.016931
0.016833
0.016862
0.016852
0.016935
0.016893
0.016868
0.016882
0.016879
0.016852
0.016914
0.016876
0.017152
0.016842
0.016843
0.016878
0.01687
0.016871
0.016843
0.016846
0.016847
0.016908
0.01692
0.016944
0.016937
0.01753
0.016924
0.01687
0.016895
0.016852
0.017036
0.0169
0.016906
0.016913
0.016841
0.016839
0.016885
0.016843
0.01718
0.016884
0.016892
0.016829
0.016918
0.016893
0.016896
0.016993
0.016892
0.016854
0.017001
0.016856
0.016914
0.01726
0.016928
0.016951
0.016934
0.017028
0.016908
0.016935
0.016894
0.017003
0.016942
0.017021
0.016873
0.016944
0.017481
0.016943
0.016855
0.016939
0.016925
0.016939
0.016958
0.017036
0.016859
0.016941
0.016852
0.016953
0.016897
0.017341
0.01692
0.016841
0.016916
0.016842
0.016929
0.016939
0.016855
0.016857
0.016843
0.016868
0.016846
0.016965
0.026681
0.016866
0.01695
0.017021
0.01694
0.016892
0.016895
0.016838
0.016924
0.016908
0.016894
0.016902
0.016955
0.017394
0.016891
0.016946
0.016903
0.016892
0.016966
0.016895
0.017057
0.017026
0.016866
0.016914
0.017092
0.016988
0.017381
0.016928
0.016893
0.016858
0.016893
0.016849
0.01689
0.016894
0.016952
0.016902
0.016899
0.017039
0.016901
0.017517
0.016929
0.016901
0.01691
0.016913
0.016944
0.016902
0.01691
0.016843
0.017036
0.016867
0.017023
0.016968
0.01724
0.016917
0.017031
0.016926
0.017
0.016963
0.016909
0.017066
0.016943
0.016943
0.01687
0.017036
0.016896
0.017311
0.017012
0.016903
0.017032
0.017053
0.016916
0.016901
0.016937
0.016939
0.016928
0.016869
0.016847
0.016934
0.017389
0.016927
0.01688
0.016858
0.016927
0.016904
0.016837
0.016922
0.016907
0.016833
0.01686
0.016844
0.016879
0.026531
0.017017
0.017035
0.016994
0.016988
0.016934
0.017019
0.016904
0.016879
0.016897
0.016836
0.016881
0.016832
0.017186
0.016992
0.016834
0.016905
0.016893
0.016845
0.01689
0.016859
0.016931
0.016895
0.016907
0.016872
0.016858
0.017123
0.01687
0.016882
0.017079
0.016918
0.016967
0.017007
0.016851
0.017032
0.0169
0.016871
0.017023
0.016859
0.017249
0.016961
0.016939
0.016899
0.016941
0.0169
0.01689
0.016945
0.016857
0.016853
0.016883
0.016911
0.016847
0.017204
0.016861
0.016995
0.016851
0.016901
0.016834
0.016898
0.016998
0.01688
0.016873
0.016933
0.016905
0.016832
0.017134
0.01697
0.016854
0.016957
0.016884
0.017001
0.01692
0.016949
0.016972
0.017037
0.016927
0.017017
0.016898
0.017531
0.016915
0.01702
0.016909
0.017052
0.016861
0.017033
0.0169
0.016931
0.01689
0.016857
0.016917
0.016834
0.017198
0.016829
0.016865
0.016897
0.016838
0.016903
0.016908
0.016835
0.016995
0.016906
0.017003
0.016869
0.016933
0.0301
0.016838
0.01684
0.016885
0.01689
0.016929
0.016856
0.016922
0.016841
0.016894
0.016886
0.01684
0.016846
0.017475
0.016858
0.016985
0.016932
0.016852
0.01687
0.016901
0.016905
0.017041
0.016902
0.016896
0.017046
0.016897
0.017389
0.016909
0.016897
0.016916
0.017012
0.016907
0.016928
0.016934
0.016928
0.017024
0.016934
0.016933
0.016936
0.01735
0.016925
0.016845
0.0169
0.016898
0.01685
0.016999
0.016873
0.017006
0.016889
0.017009
0.016851
0.016923
0.017422
0.016852
0.016884
0.016861
0.016868
0.017002
0.016927
0.016858
0.016928
0.016888
0.01703
0.016954
0.016909
0.017206
0.016947
0.017036
0.016912
0.016912
0.016914
0.01694
0.016947
0.016898
0.016904
0.016857
0.016852
0.016888
0.017392
0.017114
0.016929
0.016961
0.016918
0.016894
0.016935
0.0169
0.016913
0.016854
0.017003
0.016861
0.016855
0.0172
0.016861
0.016949
0.016927
0.016892
0.01705
0.016895
0.016857
0.016918
0.016866
0.016864
0.016884
0.017033
0.026426
0.016851
0.017035
0.016912
0.016856
0.016853
0.016923
0.016855
0.016935
0.016872
0.016953
0.016884
0.016939
0.017142
0.01699
0.01704
0.016908
0.016936
0.016883
0.01702
0.016959
0.017023
0.016939
0.017012
0.016893
0.016855
0.017278
0.016872
0.016955
0.016902
0.016899
0.016891
0.016833
0.016951
0.016937
0.016932
0.01689
0.016863
0.016986
0.017078
0.016896
0.016899
0.016834
0.016873
0.016845
0.016837
0.01684
0.01684
0.016893
0.01684
0.016859
0.016866
0.017104
0.016902
0.016899
0.016951
0.017062
0.017046
0.016892
0.016949
0.016917
0.017044
0.016919
0.017033
0.016942
0.017398
0.016915
0.016871
0.017026
0.016905
0.017001
0.016898
0.016885
0.017095
0.016893
0.016841
0.017059
0.016887
0.017457
0.016853
0.016895
0.016878
0.016895
0.016885
0.016888
0.016842
0.016888
0.016938
0.016919
0.0169
0.016884
0.02949
0.016871
0.017017
0.016837
0.01688
0.016834
0.017041
0.017
0.016834
0.016906
0.0169
0.016985
0.016828
0.017184
0.01685
0.016929
0.01695
0.016937
0.01694
0.01704
0.016859
0.017043
0.016979
0.01704
0.01703
0.016918
0.017461
0.016903
0.016861
0.016856
0.016907
0.016906
0.01692
0.016855
0.016986
0.016905
0.016932
0.016887
0.016924
0.017233
0.016877
0.016894
0.017016
0.016846
0.01689
0.016879
0.01684
0.016943
0.016896
0.016876
0.016909
0.01689
0.017164
0.016853
0.01704
0.016902
0.01704
0.016918
0.016893
0.017033
0.016941
0.016911
0.016879
0.016884
0.016877
0.017272
0.016947
0.016846
0.016854
0.01704
0.01689
0.016871
0.016922
0.016915
0.016916
0.016914
0.016863
0.017008
0.017247
0.016905
0.016892
0.016908
0.016914
0.016837
0.016894
0.016835
0.016845
0.01688
0.016837
0.016851
0.016836
0.017073
0.016936
0.016924
0.016896
0.016925
0.016903
0.016877
0.016924
0.016915
0.016896
0.016873
0.016854
0.016853
0.031765
0.016925
0.016892
0.01692
0.016926
0.017027
0.016984
0.016956
0.016947
0.016934
0.016912
0.016867
0.016851
0.01728
0.016904
0.017015
0.016899
0.017018
0.016888
0.016959
0.016905
0.016852
0.016869
0.017033
0.016852
0.016896
0.017346
0.016905
0.016916
0.016851
0.017012
0.016851
0.017007
0.016899
0.017016
0.01694
0.016896
0.017006
0.016851
0.01752
0.016894
0.016917
0.016937
0.01694
0.016912
0.016998
0.016971
0.017033
0.01704
0.016997
0.016989
0.016932
0.017263
0.016898
0.016937
0.017012
0.016982
0.01687
0.016858
0.016971
0.016861
0.016839
0.016921
0.016887
0.01693
0.017323
0.016863
0.016919
0.01687
0.016873
0.016991
0.016881
0.01695
0.016867
0.016929
0.016924
0.016859
0.016886
0.017263
0.016904
0.016886
0.016888
0.017058
0.016919
0.01692
0.017037
0.016852
0.017048
0.016911
0.017023
0.016926
0.01734
0.016933
0.016958
0.01685
0.016908
0.01689
0.017036
0.016941
0.016966
0.01689
0.016969
0.016991
0.016917
0.027174
0.017023
0.016894
0.017016
0.016904
0.017036
0.016894
0.016882
0.016942
0.016855
0.016914
0.016933
0.016899
0.017288
0.016882
0.016989
0.016911
0.016851
0.016993
0.016834
0.01691
0.016831
0.0169
0.016919
0.016866
0.016882
0.017181
0.016848
0.016893
0.016857
0.016835
0.016868
0.016959
0.01689
0.016928
0.016964
0.017096
0.016933
0.016869
0.017246
0.017032
0.016908
0.017025
0.017064
0.016913
0.016951
0.016915
0.016861
0.016932
0.017005
0.016934
0.016906
0.017343
0.017091
0.016909
0.016839
0.016888
0.016838
0.016881
0.016912
0.016846
0.016924
0.016866
0.016892
0.01689
0.01731
0.01692
0.016842
0.016897
0.016842
0.016896
0.016854
0.016907
0.016895
0.01686
0.01696
0.016859
0.016862
0.01745
0.016863
0.016993
0.016939
0.016904
0.017056
0.017072
0.016923
0.016905
0.01691
0.016949
0.016942
0.016865
0.017445
0.016915
0.016987
0.01689
0.016858
0.016893
0.016932
0.016947
0.016993
0.01701
0.016923
0.016976
0.016894
0.028567
0.017032
0.016906
0.016989
0.016886
0.016846
0.016926
0.016899
0.016976
0.016925
0.017037
0.016986
0.016928
0.017236
0.016844
0.016893
0.016891
0.016919
0.016874
0.016847
0.016852
0.01691
0.016919
0.016926
0.016879
0.017005
0.017143
0.016892
0.017031
0.016898
0.016899
0.016906
0.016904
0.016942
0.01691
0.016916
0.016935
0.0169
0.016856
0.017478
0.016928
0.016924
0.01688
0.016923
0.0169
0.016844
0.016898
0.016868
0.016843
0.01684
0.016924
0.016895
0.017183
0.016887
0.016924
0.016914
0.017039
0.016865
0.017038
0.016933
0.016931
0.016916
0.016846
0.01692
0.016929
0.017185
0.016885
0.016925
0.016925
0.016863
0.017042
0.017024
0.016942
0.016935
0.016918
0.01685
0.017017
0.016922
0.017171
0.016897
0.017017
0.016894
0.017012
0.016842
0.016984
0.017027
0.016967
0.017021
0.016858
0.016925
0.016857
0.028587
0.01694
0.016932
0.016876
0.016925
0.016887
0.016959
0.017039
0.016912
0.01701
0.017015
0.017017
0.016895
0.017185
0.016916
0.016885
0.016959
0.016913
0.016927
0.016873
0.016922
0.016863
0.016867
0.016869
0.01693
0.016895
0.017304
0.016885
0.01692
0.01688
0.016925
0.016959
0.016989
0.016855
0.017015
0.016894
0.017035
0.0169
0.016929
0.017219
0.016916
0.016908
0.016842
0.016939
0.016843
0.016926
0.016893
0.016889
0.01686
0.016839
0.016886
0.016846
0.01713
0.016865
0.01689
0.016891
0.016912
0.016906
0.016915
0.01683
0.016895
0.016842
0.01687
0.016905
0.016888
0.017412
0.01688
0.016923
0.016897
0.016897
0.017003
0.016945
0.016915
0.016867
0.016911
0.016916
0.016875
0.017003
0.017522
0.017043
0.01693
0.016912
0.01692
0.01703
0.016933
0.016905
0.017015
0.016854
0.017219
0.01691
0.017071
0.017148
0.016841
0.017042
0.016898
0.016881
0.017003
0.016886
0.016905
0.01685
0.016885
0.016838
0.016838
0.016895
0.028207
0.017046
0.016881
0.016887
0.016852
0.016909
0.016874
0.016858
0.016926
0.016998
0.016925
0.016972
0.016843
0.017253
0.016916
0.016845
0.01685
0.016854
0.017027
0.016883
0.016887
0.016854
0.016942
0.016948
0.016952
0.016934
0.017245
0.017054
0.016867
0.016938
0.016843
0.01686
0.016892
0.016938
0.016906
0.016959
0.016909
0.017133
0.017023
0.01744
0.016882
0.016869
0.016934
0.016994
0.016899
0.01686
0.016908
0.016917
0.01691
0.016888
0.016844
0.016988
0.017094
0.01689
0.016837
0.016904
0.016854
0.016922
0.016838
0.016891
0.016849
0.016896
0.017015
0.01688
0.01688
0.01719
0.016863
0.016934
0.016927
0.017022
0.01687
0.016956
0.016928
0.016849
0.016906
0.016949
0.016921
0.017035
0.017416
0.016946
0.01693
0.016977
0.016836
0.0169
0.016894
0.016907
0.017031
0.016863
0.016833
0.016834
0.016835
0.017076
0.016826
0.016841
0.016884
0.016826
0.016835
0.016822
0.016833
0.016838
0.016847
0.016881
0.016864
0.016855
0.028638
0.016895
0.016896
0.016834
0.016885
0.016828
0.016836
0.016887
0.016838
0.016859
0.016832
0.016829
0.01683
0.017296
0.016891
0.016838
0.01685
0.016874
0.01686
0.016854
0.016882
0.016875
0.016857
0.016893
0.0169
0.016846
0.017246
0.016893
0.016897
0.016896
0.017015
0.016881
0.016853
0.016893
0.017035
0.016892
0.016924
0.016892
0.016905
0.017121
0.016917
0.016918
0.01708
0.017006
0.016906
0.016909
0.016883
0.016937
0.01692
0.016853
0.016946
0.01701
0.017304
0.016909
0.016915
0.016914
0.016901
0.016842
0.017015
0.016926
0.016939
0.016925
0.016898
0.016851
0.016936
0.017514
0.016914
0.016927
0.017045
0.016942
0.016968
0.016848
0.016892
0.016909
0.016897
0.016895
0.016892
0.016851
0.017338
0.017024
0.016987
0.016852
0.017151
0.016879
0.016927
0.016925
0.016926
0.016846
0.016908
0.016853
0.0169
0.026525
0.016922
0.016945
0.01687
0.016936
0.01694
0.016947
0.016887
0.017029
0.016846
0.016923
0.01692
0.016837
0.017455
0.016898
0.016837
0.016945
0.016838
0.016991
0.016839
0.016911
0.016839
0.016849
0.017002
0.016879
0.016945
0.017257
0.016951
0.016916
0.016963
0.016955
0.016928
0.016938
0.016867
0.016927
0.016927
0.016905
0.017015
0.016855
0.017275
0.016898
0.01691
0.016854
0.016899
0.016903
0.016889
0.016847
0.016852
0.016916
0.017085
0.016894
0.016915
0.017291
0.01688
