1.9e-05
3.1e-05
0.000294
0.000321
0.000213
0.000122
0.000167
0.000292
0.000214
0.000161
0.000164
0.00024
0.000216
0.000137
0.000266
0.000604
0.000146
0.000301
0.000169
0.000112
0.000142
0.000218
0.000191
0.000116
0.000116
0.000226
0.000146
0.000307
0.000114
0.000159
0.000324
0.000523
0.000121
0.000221
0.000189
0.000193
0.000124
0.000158
0.000262
0.000311
0.000201
0.000271
0.000116
0.000179
0.000291
0.000209
0.000177
0.000611
0.000293
0.000157
0.000264
0.000168
0.000199
0.000193
0.000199
0.00018
0.00017
0.000211
0.000195
0.000112
0.000201
0.000136
0.00021
0.000656
0.000112
0.000129
0.000149
0.000132
0.000117
0.000213
0.000255
0.000197
0.000166
0.00017
0.000122
0.000192
0.000125
0.000335
0.00013
0.00035
0.000141
0.000181
0.000174
0.000118
0.000189
0.000212
0.000148
0.000131
0.000122
0.000171
0.000201
0.000155
0.000175
0.000125
0.000193
0.000661
0.00019
0.000295
0.000198
0.000133
0.000236
0.00013
0.000143
0.000298
0.000183
0.000159
0.000136
0.000195
0.000179
0.000181
0.000134
0.000621
0.000188
0.000181
0.000119
0.000198
0.000196
0.00029
0.000184
0.000173
0.000191
0.000289
0.00022
0.000104
0.000183
0.000218
0.000136
0.010613
0.000176
0.000124
0.000119
0.000174
0.000302
0.00018
0.000294
0.000166
0.000246
0.000181
0.000184
0.000155
0.000285
0.00021
0.000182
0.000542
0.000213
0.000304
0.000275
0.000186
0.000115
0.000231
0.000214
0.000183
0.000146
0.000265
0.000152
0.000189
0.000189
0.000163
0.00019
0.000532
0.000184
0.000188
0.000175
0.000207
0.000238
0.000223
0.000159
0.000179
0.000266
0.000233
0.000184
0.000106
0.00015
0.000157
0.000186
0.000539
0.000163
0.000266
0.000205
0.000135
0.000162
0.00012
0.000184
0.00018
0.0003
0.000106
0.000233
0.000205
0.000184
0.000215
0.000108
0.000941
0.000213
0.000167
0.000166
0.000198
0.000325
0.000186
0.000168
0.000163
0.0002
0.000147
0.000237
0.000163
0.000158
0.000198
0.000214
0.000695
0.000167
0.000238
0.000183
0.000207
0.000162
0.000161
0.000321
0.000321
0.000158
0.000111
0.000216
0.000194
0.000183
0.000112
0.000167
0.000486
0.000215
0.000298
0.00011
0.000149
0.000223
0.000179
0.000164
0.000116
0.000193
0.000199
0.000108
0.000169
0.00017
0.000131
0.000301
0.000575
0.000176
0.000276
0.00029
0.000151
0.000118
0.000195
0.000252
0.000206
0.000314
0.000117
0.000271
0.000281
0.000218
0.010156
0.000348
0.000142
0.000121
0.000202
0.00021
0.000195
0.000127
0.00032
0.000153
0.000217
0.000284
0.000135
0.000406
0.00034
0.000195
0.000223
0.000158
0.000231
0.000159
0.00018
0.000189
0.000218
0.00015
0.000198
0.000123
0.000708
0.000193
0.000317
0.000138
0.000123
0.000156
0.000252
0.000134
0.000183
0.000189
0.000311
0.000202
0.000191
0.00043
0.00018
0.00019
0.000172
0.00013
0.00014
0.0002
0.000142
0.000184
0.000133
0.000189
0.000195
0.000174
0.00067
0.000203
0.000166
0.000193
0.000142
0.000138
0.000152
0.000196
0.000211
0.000129
0.000187
0.00018
0.000189
0.000421
0.000211
0.000189
0.00019
0.000145
0.00015
0.000145
0.000152
0.000133
0.000134
0.000141
0.000162
0.000172
0.000455
0.000132
0.000185
0.000153
0.000214
0.000196
0.000175
0.00017
0.000224
0.000142
0.000123
0.000177
0.000172
0.010382
0.000155
0.000131
0.000305
0.00019
0.000212
0.000149
0.000193
0.000345
0.000219
0.000227
0.000197
0.000195
0.000447
0.000138
0.000202
0.000197
0.000171
0.000189
0.000197
0.000216
0.000306
0.000115
0.000248
0.000239
0.000196
0.000543
0.000184
0.000251
0.000316
0.000194
0.000329
0.000202
0.000217
0.000314
0.000174
0.00025
0.000217
0.000199
0.000421
0.000147
0.000176
0.000153
0.000165
0.000181
0.000115
0.000173
0.000215
0.000156
0.000125
0.000174
0.000238
0.000514
0.000156
0.000124
0.000156
0.000226
0.000198
0.000116
0.000131
0.000221
0.000174
0.000176
0.000146
0.000111
0.000447
0.000152
0.000143
0.000113
0.000167
0.000211
0.000193
0.000119
0.000117
0.000171
0.00017
0.000191
0.000115
0.000526
0.000169
0.000157
0.000115
0.000165
0.000171
0.000152
0.000145
0.00018
0.000118
0.00021
0.000162
0.000185
0.000596
0.000203
0.00017
0.000212
0.000177
0.000117
0.000155
0.000209
0.000133
0.000115
0.00016
0.000146
0.000205
0.012887
0.000154
0.00014
0.000157
0.000207
0.000208
0.000116
0.000111
0.00019
0.000149
0.000152
0.000124
0.000187
0.000511
0.000202
0.00029
0.000125
0.000222
0.000345
0.000213
0.000188
0.000159
0.000144
0.000191
0.000148
0.00013
0.000672
0.000177
0.000214
0.000173
0.000135
0.000153
0.000179
0.000124
0.000194
0.000148
0.000174
0.000176
0.000187
0.000595
0.000147
0.000145
0.00013
0.000169
0.000145
0.000162
0.000166
0.00018
0.000124
0.000205
0.000191
0.000221
0.00049
0.000186
0.000204
0.000171
0.00014
0.000147
0.000159
0.000184
0.000147
0.000128
0.000132
0.000135
0.000155
0.000554
0.000121
0.000148
0.000141
0.000149
0.000203
0.000128
0.000215
0.000194
0.000183
0.000125
0.000127
0.000137
0.000551
0.000199
0.000163
0.000162
0.000133
0.000228
0.000138
0.000143
0.000154
0.000196
0.00021
0.00019
0.000129
0.000755
0.000196
0.000173
0.000144
0.000198
0.000211
0.000129
0.000135
0.000127
0.000144
0.000142
0.000208
0.000209
0.012427
0.000192
0.00032
0.000133
0.000125
0.000207
0.000243
0.000166
0.000193
0.000213
0.000168
0.000204
0.000312
0.000581
0.000185
0.000158
0.000234
0.000225
0.000289
0.000149
0.0002
0.000192
0.000174
0.00022
0.000201
0.000194
0.000594
0.000203
0.000174
0.000246
0.000457
0.000294
0.000178
0.000159
0.00019
0.000195
0.000119
0.000219
0.000179
0.000675
0.000115
0.000131
0.000268
0.000314
0.000197
0.000282
0.000197
0.000168
0.000179
0.000123
0.000282
0.000235
0.000811
0.000218
0.000176
0.000155
0.000158
0.00019
0.00018
0.000107
0.000172
0.000343
0.000227
0.000178
0.000282
0.000563
0.000199
0.000178
0.000116
0.000163
0.00016
0.00032
0.000115
0.000282
0.000216
0.000149
0.000194
0.000174
0.000542
0.000204
0.000198
0.000172
0.000188
0.000315
0.000206
0.000148
0.000158
0.000147
0.000221
0.000144
0.000202
0.000471
0.00022
0.00017
0.000138
0.000123
0.000177
0.000189
0.00021
0.000175
0.000152
0.000118
0.000209
0.000195
0.012467
0.000196
0.000144
0.000148
0.000194
0.000193
0.000128
0.000113
0.000154
0.000199
0.000137
0.000116
0.000156
0.001032
0.00016
0.000172
0.000125
0.000173
0.000207
0.000177
0.000123
0.000177
0.000218
0.000198
0.000114
0.000118
0.000653
0.000223
0.00021
0.000122
0.000143
0.000149
0.000209
0.000124
0.000186
0.000182
0.000172
0.000152
0.00015
0.000573
0.000169
0.000221
0.000185
0.000119
0.000166
0.000167
0.000209
0.000172
0.000181
0.000172
0.000201
0.000216
0.000435
0.000182
0.000201
0.000184
0.000162
0.000181
0.000163
0.000142
0.000161
0.000179
0.000148
0.000201
0.000193
0.000544
0.00015
0.000157
0.000164
0.000176
0.000185
0.000125
0.000169
0.000152
0.000212
0.000126
0.000124
0.000195
0.000524
0.000156
0.000153
0.000144
0.000196
0.000212
0.000184
0.000136
0.00014
0.000182
0.000155
0.00013
0.000217
0.009958
0.00017
0.00019
0.000182
0.000157
0.000138
0.000173
0.000152
0.000148
0.000133
0.000134
0.00019
0.000197
0.000637
0.000197
0.000156
0.000194
0.000345
0.000196
0.000193
0.000326
0.000147
0.000187
0.000153
0.000153
0.000134
0.00064
0.000176
0.000194
0.000221
0.000214
0.000132
0.00021
0.000215
0.000199
0.000148
0.000134
0.000148
0.000147
0.000355
0.000119
0.000197
0.000244
0.000143
0.000164
0.00013
0.00016
0.000145
0.000144
0.000133
0.000145
0.000182
0.000659
0.000134
0.000158
0.000282
0.000234
0.000196
0.000194
0.000143
0.000156
0.000206
0.000148
0.000129
0.000118
0.000574
0.000197
0.000196
0.00014
0.000249
0.000191
0.000196
0.000144
0.000177
0.000208
0.000162
0.000155
0.000137
0.000827
0.000232
0.00019
0.000117
0.000115
0.000257
0.000206
0.000143
0.000116
0.000128
0.000205
0.000196
0.000183
0.000646
0.000206
0.000169
0.000199
0.000112
0.000116
0.000243
0.000153
0.000153
0.000123
0.000128
0.000204
0.000167
0.009701
0.000221
0.000117
0.000124
0.000152
0.000196
0.000145
0.000176
0.000119
0.000189
0.000166
0.000168
0.000109
0.000461
0.000205
0.000214
0.000125
0.000117
0.000172
0.000172
0.000198
0.000117
0.000118
0.00022
0.000233
0.000117
0.000569
0.000152
0.000157
0.000163
0.000172
0.00013
0.000165
0.00021
0.000313
0.00013
0.000278
0.000372
0.000235
0.000613
0.000128
0.000155
0.000175
0.000142
0.000117
0.000133
0.000196
0.000147
0.000154
0.000179
0.000205
0.00022
0.000603
0.000176
0.000118
0.000197
0.000208
0.000151
0.000118
0.000152
0.000152
0.000209
0.000176
0.000117
0.0002
0.000432
0.00019
0.000127
0.000188
0.000187
0.000172
0.000148
0.000141
0.000156
0.00017
0.00013
0.000118
0.000175
0.000823
0.000209
0.000128
0.000134
0.000204
0.000171
0.000127
0.000185
0.000156
0.000187
0.000174
0.000183
0.000188
0.000386
0.000198
0.000223
0.000133
0.00012
0.000146
0.000186
0.000152
0.000124
0.000193
0.000178
0.000151
0.000127
0.012207
0.000123
0.000214
0.000196
0.000148
0.000187
0.000125
0.000156
0.000196
0.000137
0.000188
0.00016
0.000222
0.000415
0.000193
0.000125
0.000158
0.000196
0.000206
0.000141
0.00013
0.000201
0.000194
0.000153
0.000147
0.00016
0.0005
0.000192
0.000145
0.000145
0.000149
0.000173
0.000121
0.000164
0.000202
0.000166
0.000194
0.000133
0.000149
0.000719
0.000191
0.000132
0.000197
0.000205
0.0002
0.000136
0.000161
0.000153
0.000161
0.000194
0.000196
0.000129
0.000591
0.000204
0.000164
0.000172
0.000223
0.00017
0.000166
0.000193
0.000124
0.000153
0.000159
0.000194
0.000122
0.000393
0.000199
0.000204
0.000135
0.000185
0.000175
0.000188
0.000197
0.000198
0.000114
0.000152
0.000161
0.000165
0.000633
0.000194
0.000185
0.000196
0.000189
0.000114
0.000183
0.000155
0.000194
0.000126
0.000145
0.000213
0.00015
0.011997
0.000204
0.000117
0.00014
0.000223
0.000175
0.000138
0.000173
0.000127
0.000208
0.000205
0.000126
0.000115
0.00052
0.000207
0.000143
0.000172
0.000116
0.000244
0.00019
0.000197
0.000115
0.000134
0.000158
0.000202
0.000117
0.000789
0.000232
0.000181
0.000144
0.000144
0.000137
0.000167
0.000152
0.000143
0.000146
0.00014
0.000201
0.000133
0.000647
0.000124
0.000181
0.000152
0.000183
0.000113
0.000111
0.000168
0.000204
0.00016
0.000173
0.000153
0.000211
0.000848
0.000175
0.000126
0.000214
0.000198
0.000123
0.000117
0.000152
0.000187
0.000158
0.000173
0.000133
0.000158
0.00077
0.000176
0.00013
0.000158
0.000224
0.000207
0.00012
0.000131
0.000155
0.000218
0.000214
0.000123
0.000119
0.000553
0.000209
0.00012
0.000119
0.000159
0.000201
0.000155
0.000175
0.000162
0.000168
0.000193
0.00016
0.00012
0.000498
0.000234
0.000204
0.000163
0.000153
0.000204
0.000201
0.000168
0.000118
0.000124
0.000202
0.000213
0.000168
0.011905
0.000124
0.00012
0.000156
0.000174
0.000138
0.000127
0.000151
0.000186
0.00016
0.000188
0.000125
0.000186
0.0008
0.000178
0.000123
0.000151
0.000142
0.000202
0.000151
0.000131
0.000151
0.000186
0.000166
0.000137
0.000128
0.000744
0.000181
0.00013
0.000205
0.000151
0.000194
0.000145
0.000184
0.000126
0.00017
0.000163
0.000185
0.000136
0.000398
0.000163
0.000139
0.000158
0.000125
0.00021
0.000139
0.000132
0.000142
0.000154
0.000202
0.000195
0.000147
0.000787
0.000141
0.000194
0.000172
0.000205
0.000188
0.000201
0.000198
0.000185
0.0002
0.000155
0.000165
0.000189
0.000404
0.000189
0.000147
0.000189
0.000198
0.000153
0.00021
0.000166
0.000135
0.000127
0.000153
0.000152
0.000189
0.000744
0.000212
0.000266
0.000304
0.000195
0.000123
0.000153
0.000221
0.000192
0.000205
0.000124
0.000205
0.000141
0.000816
0.000171
0.000193
0.000211
0.000194
0.000144
0.000119
0.000204
0.000292
0.000187
0.000173
0.000166
0.000187
0.01086
0.000237
0.000202
0.00017
0.000149
0.000205
0.00021
0.000194
0.000114
0.000197
0.000181
0.000194
0.000125
0.000727
0.000226
0.000172
0.000199
0.000173
0.000132
0.000221
0.000193
0.000176
0.000114
0.000235
0.000204
0.000197
0.000804
0.000125
0.000188
0.000181
0.000217
0.000125
0.000129
0.000212
0.000189
0.000146
0.000172
0.00023
0.000161
0.000818
0.000125
0.00012
0.000212
0.000149
0.000177
0.000118
0.000186
0.00017
0.000145
0.000174
0.000123
0.000147
0.000502
0.000179
0.000115
0.000214
0.000217
0.000215
0.000113
0.000144
0.000178
0.000209
0.000196
0.000117
0.000184
0.000577
0.000208
0.000191
0.00012
0.000183
0.000146
0.000144
0.000174
0.000118
0.000202
0.000203
0.000176
0.000173
0.000484
0.000332
0.000245
0.000121
0.000176
0.000325
0.000153
0.00015
0.000176
0.000124
0.000208
0.000328
0.000177
0.000805
0.000207
0.000215
0.000141
0.000283
0.000163
0.000202
0.000326
0.000115
0.00018
0.000201
0.000324
0.000128
0.009703
0.00019
0.000211
0.000191
0.000145
0.000215
0.000201
0.000314
0.000147
0.000222
0.000211
0.000123
0.000189
0.000585
0.000211
0.000125
0.000186
0.00016
0.00019
0.000333
0.000322
0.00019
0.0002
0.000323
0.000177
0.000125
0.000523
0.000192
0.000233
0.000188
0.000183
0.000249
0.00015
0.000215
0.000125
0.000198
0.000312
0.000201
0.000197
0.000588
0.000216
0.000196
0.000374
0.000136
0.000203
0.000308
0.000206
0.00014
0.000135
0.000219
0.000146
0.000216
0.000642
0.000279
0.00021
0.000213
0.000198
0.000221
0.000249
0.000197
0.00028
0.000188
0.000197
0.000126
0.000192
0.000527
0.00033
0.000332
0.00019
0.000165
0.000148
0.000205
0.000204
0.00019
0.000293
0.000213
0.000204
0.000221
0.00042
0.000308
0.000249
0.000308
0.000197
0.000195
0.000154
0.000154
0.000195
0.000162
0.000178
0.000204
0.000202
0.010038
0.000153
0.000127
0.000172
0.000261
0.000386
0.000197
0.000174
0.0002
0.000249
0.00024
0.000313
0.000186
0.000774
0.000284
0.000215
0.00024
0.000119
0.000223
0.000328
0.000197
0.000217
0.000183
0.000169
0.000195
0.000134
0.000785
0.000221
0.000206
0.000141
0.000173
0.000139
0.000204
0.000314
0.000197
0.000177
0.000214
0.000153
0.000143
0.000491
0.00019
0.000217
0.000289
0.000195
0.00017
0.000205
0.000158
0.000142
0.000144
0.000177
0.000223
0.000203
0.000473
0.000191
0.000152
0.000224
0.000311
0.000206
0.000201
0.000299
0.000162
0.000233
0.000176
0.000183
0.000353
0.000496
0.000206
0.000129
0.000204
0.000153
0.000204
0.000187
0.000117
0.000221
0.000209
0.000208
0.000131
0.000125
0.000433
0.000147
0.000207
0.000181
0.000235
0.000192
0.000223
0.000173
0.000183
0.000277
0.00021
0.000176
0.000187
0.000513
0.000317
0.000309
0.000134
0.000191
0.000157
0.000232
0.000186
0.000124
0.000181
0.000326
0.000155
0.000145
0.014115
0.000179
0.000136
0.000369
0.000125
0.000197
0.00015
0.000206
0.000197
0.000202
0.000184
0.000232
0.00023
0.000519
0.000191
0.000204
0.000281
0.000136
0.000235
0.00015
0.000154
0.000215
0.000215
0.00013
0.000189
0.000233
0.000793
0.000201
0.00019
0.000282
0.000195
0.000342
0.000124
0.000202
0.000203
0.000141
0.000202
0.000156
0.000204
0.000631
0.000231
0.000192
0.00019
0.000146
0.000218
0.000342
0.00015
0.000204
0.000136
0.000219
0.000216
0.000126
0.000528
0.000143
0.000186
0.000123
0.000154
0.000195
0.000316
0.000192
0.000191
0.000234
0.000196
0.000388
0.000137
0.00057
0.000312
0.000195
0.000207
0.000131
0.000207
0.000133
0.000119
0.00022
0.000157
0.000147
0.000158
0.000184
0.000427
0.000308
0.000196
0.000144
0.000196
0.000143
0.000166
0.000164
0.000119
0.000244
0.000365
0.000316
0.00019
0.000597
0.000151
0.000146
0.000135
0.000171
0.000129
0.000153
0.000197
0.000193
0.000149
0.000363
0.000168
0.000314
0.011454
0.000195
0.000182
0.000137
0.000238
0.000156
0.000198
0.000122
0.000248
0.000226
0.000138
0.000164
0.000193
0.000646
0.000215
0.000196
0.000195
0.00018
0.000339
0.000194
0.000192
0.000175
0.0004
0.00024
0.000144
0.000236
0.000549
0.000225
0.00013
0.000168
0.000151
0.000155
0.000195
0.00014
0.000116
0.000129
0.000227
0.000138
0.000178
0.00039
0.00015
0.000214
0.000194
0.000155
0.00015
0.000156
0.000222
0.000211
0.000116
0.000117
0.000159
0.000205
0.000361
0.000119
0.000151
0.000161
0.000152
0.000172
0.000132
0.000153
0.000243
0.00013
0.000122
0.00016
0.000146
0.00082
0.000125
0.000173
0.000167
0.000137
0.00014
0.000117
0.000132
0.000141
0.000194
0.000121
0.000147
0.000141
0.000464
0.000175
0.000174
0.000213
0.000174
0.000161
0.000176
0.000128
0.000161
0.000145
0.000194
0.000151
0.000117
0.000519
0.000136
0.000231
0.000116
0.000174
0.000319
0.000194
0.000188
0.000175
0.000201
0.000206
0.000149
0.000281
0.011466
0.000175
0.000202
0.000215
0.000162
0.000132
0.000151
0.000151
0.000143
0.000196
0.000126
0.000161
0.000151
0.000439
0.000165
0.000179
0.000157
0.000233
0.000199
0.000142
0.000156
0.0002
0.000196
0.000121
0.000176
0.00013
0.000513
0.000164
0.000112
0.000118
0.000143
0.000195
0.000137
0.000119
0.000139
0.000193
0.00014
0.000165
0.000144
0.000618
0.000159
0.000195
0.000148
0.000148
0.000147
0.000143
0.000122
0.000123
0.000157
0.000164
0.000194
0.000116
0.000502
0.000167
0.000186
0.000126
0.000169
0.000138
0.000172
0.00017
0.000178
0.000115
0.000157
0.000195
0.000202
0.00059
0.000114
0.000199
0.000189
0.000287
0.000181
0.000236
0.000193
0.000199
0.000121
0.000124
0.000152
0.000199
0.000612
0.000175
0.00015
0.00021
0.000135
0.000173
0.000124
0.000203
0.000194
0.000164
0.000122
0.000214
0.000203
0.012117
0.000197
0.000186
0.000183
0.000215
0.000197
0.000217
0.000122
0.000195
0.000204
0.000191
0.000164
0.000152
0.000691
0.000163
0.000162
0.000199
0.000185
0.000155
0.000172
0.000126
0.000127
0.000209
0.000204
0.000197
0.000154
0.000448
0.000171
0.000165
0.000158
0.000169
0.000202
0.000175
0.000147
0.000145
0.000124
0.000158
0.000166
0.000166
0.000479
0.000206
0.000165
0.000192
0.000127
0.000152
0.000158
0.000164
0.000165
0.000118
0.000116
0.000167
0.000197
0.000369
0.00017
0.000129
0.000153
0.000187
0.000197
0.000126
0.000158
0.000193
0.00019
0.000123
0.000131
0.000154
0.000476
0.000178
0.000116
0.000139
0.00013
0.000188
0.000117
0.000123
0.000222
0.000144
0.000145
0.000172
0.00016
0.000509
0.000195
0.00017
0.000174
0.00021
0.0002
0.000209
0.000127
0.000129
0.000203
0.000127
0.000178
0.000124
0.000482
0.00019
0.000183
0.000117
0.000114
0.000227
0.00014
0.000202
0.000168
0.000117
0.000146
0.000194
0.000152
0.011826
0.000176
0.000118
0.000196
0.000194
0.000337
0.000167
0.000237
0.000206
0.000196
0.000117
0.000116
0.0002
0.000719
0.000178
0.000124
0.000147
0.000196
0.000195
0.000115
0.000171
0.000228
0.000209
0.000135
0.000175
0.000115
0.000705
0.000193
0.000127
0.000121
0.000153
0.000195
0.000144
0.000176
0.000128
0.000146
0.000142
0.000176
0.000132
0.000537
0.000142
0.000194
0.000116
0.000119
0.000202
0.000138
0.000127
0.000126
0.000271
0.000312
0.000157
0.000142
0.000682
0.000158
0.000198
0.000127
0.000194
0.000142
0.000162
0.000142
0.000181
0.000153
0.000202
0.000215
0.000188
0.00056
0.000145
0.000201
0.000147
0.00013
0.000128
0.000162
0.000161
0.000191
0.000129
0.000195
0.000209
0.000194
0.000515
0.000189
0.000127
0.00014
0.00017
0.000187
0.000123
0.000151
0.000197
0.000184
0.000187
0.00015
0.000216
0.000598
0.000186
0.000135
0.000208
0.000203
0.000142
0.00014
0.000191
0.000161
0.000196
0.000141
0.000138
0.000135
0.01434
0.000159
0.000176
0.000139
0.000131
0.000188
0.000195
0.000123
0.000196
0.00021
0.000163
0.000188
0.0002
0.000354
0.000148
0.000158
0.000131
0.000177
0.000177
0.000142
0.00013
0.000155
0.000152
0.000156
0.000191
0.000162
0.00052
0.000182
0.000143
0.000188
0.000178
0.000159
0.000171
0.000162
0.0002
0.000125
0.000151
0.00018
0.000156
0.000405
0.000127
0.000221
0.000151
0.000231
0.000185
0.000225
0.000209
0.000193
0.000153
0.000127
0.000213
0.000156
0.000492
0.00015
0.000167
0.000194
0.000207
0.000194
0.000129
0.000162
0.000164
0.000137
0.000124
0.000144
0.000162
0.000798
0.000146
0.000178
0.000129
0.000211
0.00019
0.000172
0.000133
0.000271
0.000175
0.000141
0.000175
0.000141
0.000498
0.000201
0.000178
0.000161
0.000133
0.000183
0.000142
0.000124
0.000174
0.000182
0.000207
0.000139
0.000124
0.011595
0.000233
0.000165
0.000221
0.000208
0.00018
0.000127
0.00016
0.000211
0.000123
0.000115
0.000195
0.000211
0.000477
0.000187
0.000144
0.000165
0.000138
0.000143
0.000114
0.00013
0.000229
0.000151
0.000126
0.00012
0.000209
0.000689
0.000198
0.000117
0.000119
0.000199
0.000147
0.000133
0.000144
0.000154
0.0002
0.000154
0.000187
0.000115
0.000381
0.000231
0.000198
0.00012
0.00012
0.000212
0.000176
0.000155
0.000112
0.000163
0.000161
0.000205
0.00012
0.000342
0.000169
0.000148
0.000122
0.000175
0.000134
0.000194
0.000215
0.000184
0.000127
0.000239
0.000233
0.00021
0.000478
0.000151
0.000205
0.000155
0.000173
0.000118
0.000156
0.000203
0.000202
0.000127
0.000207
0.000201
0.000225
0.000605
0.000155
0.0002
0.000203
0.000202
0.00017
0.000187
0.000203
0.000199
0.000132
0.00013
0.000156
0.000202
0.000692
0.000212
0.000126
0.000145
0.000149
0.000161
0.000123
0.000186
0.000149
0.000146
0.000135
0.000123
0.000172
0.014319
0.000146
0.00021
0.000128
0.000159
0.000208
0.000147
0.000196
0.000157
0.000155
0.000191
0.000169
0.000138
0.000607
0.000154
0.000199
0.000125
0.000134
0.000169
0.000194
0.000148
0.000188
0.000156
0.000155
0.000196
0.000158
0.000765
0.00019
0.000173
0.000143
0.000166
0.00019
0.000151
0.000196
0.00018
0.00014
0.000132
0.000203
0.000194
0.000575
0.000252
0.000169
0.000151
0.000159
0.000141
0.000164
0.000171
0.000198
0.000178
0.000209
0.000181
0.000143
0.000416
0.000148
0.000182
0.000166
0.000189
0.000173
0.000147
0.000148
0.000143
0.000142
0.000128
0.000152
0.000206
0.000672
0.000154
0.00015
0.000147
0.000193
0.000196
0.000176
0.000179
0.000178
0.00016
0.00013
0.000157
0.000152
0.000571
0.00022
0.000154
0.000179
0.000226
0.000188
0.000196
0.000115
0.000187
0.000159
0.000193
0.000169
0.000124
0.000652
0.000206
0.000197
0.000116
0.000126
0.000162
0.000198
0.000126
0.000173
0.000182
0.00018
0.000193
0.000171
0.011342
0.000176
0.000167
0.000187
0.000192
0.000129
0.000124
0.000238
0.000174
0.000143
0.000115
0.000196
0.000184
0.000402
0.000155
0.000128
0.000129
0.000205
0.000199
0.000126
0.000125
0.000226
0.000164
0.00015
0.000176
0.000143
0.000448
0.000224
0.000115
0.000145
0.000235
0.000214
0.000194
0.000175
0.000177
0.000238
0.000203
0.00017
0.000169
0.000534
0.000174
0.000138
0.000123
0.000146
0.000175
0.000205
0.000133
0.000117
0.000174
0.0002
0.000205
0.000155
0.000366
0.000183
0.000186
0.000162
0.000173
0.000119
0.000173
0.000215
0.000152
0.000174
0.000138
0.000188
0.000151
0.000367
0.000178
0.000153
0.00027
0.000328
0.000194
0.000222
0.000333
0.000331
0.000123
0.000185
0.000153
0.00036
0.00059
0.000235
0.000218
0.000201
0.000252
0.000198
0.00021
0.000325
0.000237
0.000194
0.000195
0.00015
0.000152
0.013561
0.00023
0.000183
0.000201
0.000325
0.000148
0.000346
0.000126
0.000127
0.000316
0.000372
0.000189
0.000188
0.000829
0.00015
0.000214
0.000188
0.000125
0.000144
0.000147
0.000187
0.000181
0.000209
0.000343
0.000253
0.000188
0.00079
0.000224
0.0002
0.000285
0.000188
0.000312
0.000195
0.000393
0.000137
0.00013
0.000203
0.000129
0.000197
0.000613
0.000221
0.000197
0.000209
0.000137
0.000191
0.000274
0.000196
0.000182
0.000301
0.00017
0.000195
0.000306
0.000515
0.000192
0.000214
0.000197
0.000256
0.000255
0.000257
0.000301
0.000222
0.000146
0.000193
0.000235
0.000261
0.000492
0.0002
0.000209
0.000323
0.000136
0.000234
0.00023
0.000316
0.000195
0.000179
0.0002
0.000223
0.000184
0.000728
0.000165
0.000231
0.000203
0.000195
0.000117
0.000218
0.000222
0.000195
0.000255
0.00013
0.000189
0.000156
0.000377
0.000123
0.000136
0.000204
0.000139
0.000139
0.000186
0.000178
0.00019
0.000198
0.000196
0.000124
0.000161
0.011091
0.000207
0.000195
0.000196
0.000117
0.000244
0.000208
0.000138
0.000131
0.00015
0.000174
0.000162
0.000198
0.000362
0.000129
0.000203
0.000204
0.000148
0.000215
0.000178
0.000221
0.000143
0.000178
0.000118
0.000213
0.000177
0.000499
0.000124
0.000181
0.000218
0.000192
0.000132
0.000171
0.000185
0.000172
0.000208
0.000127
0.000116
0.000209
0.000714
0.000125
0.000174
0.000134
0.000171
0.000171
0.000177
0.000129
0.000228
0.00021
0.000201
0.000111
0.000115
0.001002
0.000149
0.000171
0.000155
0.000211
0.000138
0.000146
0.000129
0.000163
0.000244
0.000208
0.000126
0.000182
0.000726
0.000174
0.000196
0.000189
0.000115
0.000221
0.000153
0.000144
0.00012
0.000187
0.000145
0.000154
0.000174
0.000589
0.000373
0.000271
0.000329
0.000305
0.00013
0.000151
0.000209
0.000194
0.000149
0.000161
0.000226
0.000228
0.000583
0.000138
0.000207
0.000208
0.000153
0.000123
0.000183
0.000144
0.000153
0.000172
0.000116
0.000153
0.000226
0.010052
0.000161
0.000185
0.00012
0.0002
0.000236
0.000206
0.000186
0.000279
0.000216
0.000173
0.000128
0.000178
0.000673
0.00014
0.000145
0.000198
0.000179
0.000158
0.000146
0.000164
0.000119
0.000125
0.000255
0.000143
0.000182
0.000616
0.000183
0.000183
0.000228
0.000126
0.000178
0.000154
0.000209
0.000181
0.000163
0.000131
0.000141
0.000197
0.000376
0.000124
0.000155
0.000197
0.000178
0.000192
0.000142
0.000184
0.000197
0.000191
0.000133
0.000207
0.00019
0.000592
0.000194
0.000129
0.000166
0.000197
0.00016
0.00014
0.000187
0.00014
0.000188
0.000153
0.000137
0.000247
0.000605
0.000129
0.000196
0.000181
0.000192
0.000198
0.00021
0.000149
0.000165
0.000158
0.000175
0.000162
0.00017
0.000908
0.00013
0.000177
0.000209
0.000158
0.000164
0.000194
0.0002
0.000229
0.000192
0.000195
0.000126
0.000197
0.011721
0.000157
0.000203
0.000146
0.000198
0.000182
0.000156
0.000131
0.000187
0.000128
0.000209
0.000172
0.000168
0.00091
0.000235
0.000155
0.000192
0.000153
0.00018
0.000173
0.000164
0.000137
0.000177
0.000177
0.000236
0.000193
0.000679
0.000149
0.000237
0.000158
0.000194
0.000173
0.000137
0.000196
0.000199
0.000195
0.000115
0.000161
0.00016
0.000512
0.000154
0.000117
0.000202
0.000208
0.000216
0.00018
0.000129
0.000211
0.000196
0.000199
0.000115
0.000152
0.000585
0.000201
0.000173
0.000114
0.00024
0.000168
0.0002
0.000113
0.00014
0.00018
0.000159
0.000121
0.000173
0.000678
0.000177
0.000197
0.000169
0.000142
0.000197
0.000165
0.000118
0.000174
0.000176
0.000216
0.000209
0.000148
0.000391
0.00019
0.000145
0.000198
0.000114
0.000178
0.000246
0.000208
0.000124
0.000175
0.00019
0.000175
0.000199
0.000356
0.000118
0.000147
0.000152
0.000129
0.000173
0.000134
0.000172
0.000148
0.000179
0.000121
0.000193
0.000224
0.011994
0.000165
0.000142
0.000117
0.000157
0.000153
0.000206
0.000121
0.000177
0.000143
0.000216
0.000142
0.000176
0.000429
0.000196
0.000206
0.000144
0.000125
0.000161
0.000184
0.000149
0.000175
0.000123
0.000196
0.000154
0.00015
0.000602
0.00015
0.000139
0.00021
0.000146
0.000194
0.000136
0.000232
0.000155
0.000123
0.00015
0.000194
0.000208
0.000338
0.000131
0.000162
0.000171
0.000147
0.000178
0.000124
0.000188
0.000216
0.000133
0.00013
0.000153
0.000216
0.000801
0.000132
0.000138
0.000206
0.000174
0.000155
0.00015
0.000183
0.000194
0.000169
0.000136
0.000153
0.000156
0.000557
0.00013
0.000181
0.00018
0.000195
0.000149
0.000136
0.000129
0.000172
0.000194
0.000144
0.000207
0.000184
0.000617
0.000138
0.00023
0.000181
0.000177
0.000228
0.000199
0.000136
0.000189
0.000142
0.000194
0.000158
0.00014
0.000422
0.000195
0.000188
0.000142
0.000144
0.000136
0.000194
0.000131
0.000197
0.000164
0.000203
0.000194
0.000148
0.010639
0.000151
0.000203
0.000198
0.000161
0.000126
0.000139
0.000182
0.000137
0.000197
0.000123
0.000212
0.000177
0.000678
0.000197
0.000148
0.000267
0.000139
0.000191
0.000177
0.000158
0.000162
0.000192
0.000158
0.000127
0.000144
0.000645
0.000187
0.000162
0.000198
0.000209
0.000189
0.000195
0.000121
0.000154
0.000153
0.000194
0.000176
0.000135
0.000794
0.000203
0.000189
0.00013
0.000168
0.000214
0.000195
0.000151
0.000181
0.000199
0.000204
0.000196
0.000171
0.000712
0.000216
0.000195
0.000176
0.000122
0.000284
0.000153
0.000195
0.000164
0.00013
0.000205
0.000195
0.000188
0.000603
0.000221
0.000171
0.000159
0.000124
0.000192
0.000189
0.000205
0.000179
0.000173
0.000137
0.000151
0.000167
0.000679
0.000131
0.000212
0.000175
0.000149
0.000153
0.00013
0.000217
0.000203
0.000123
0.000117
0.000149
0.000199
0.00048
0.000127
0.00013
0.000254
0.000175
0.000177
0.000113
0.000128
0.000209
0.000208
0.000122
0.000179
0.00019
0.013246
0.000211
0.000161
0.000117
0.000128
0.00017
0.000173
0.000126
0.000147
0.000163
0.000211
0.000164
0.000177
0.00061
0.000208
0.000207
0.000174
0.000144
0.000176
0.000147
0.000208
0.000187
0.000118
0.000222
0.000206
0.000202
0.00034
0.000179
0.000238
0.000201
0.000177
0.000176
0.000207
0.000174
0.000211
0.000191
0.000118
0.000204
0.000216
0.000637
0.000121
0.000203
0.000154
0.000133
0.000123
0.000123
0.000155
0.000166
0.000181
0.000158
0.000149
0.000206
0.000893
0.000115
0.000186
0.000179
0.000143
0.000188
0.000178
0.000131
0.000196
0.000165
0.000167
0.000128
0.000155
0.000455
0.000179
0.000195
0.000123
0.000173
0.000222
0.000178
0.00013
0.000194
0.000216
0.000139
0.000146
0.000123
0.000596
0.000204
0.000195
0.00013
0.000135
0.000142
0.000195
0.000202
0.000169
0.00018
0.000193
0.000154
0.000136
0.010841
0.000206
0.000168
0.000194
0.000135
0.000208
0.000125
0.000155
0.000164
0.000156
0.000136
0.000185
0.000147
0.000634
0.000183
0.000206
0.000154
0.000159
0.000167
0.000149
0.000136
0.000202
0.000162
0.000133
0.0002
0.000159
0.000701
0.000169
0.000201
0.000209
0.000166
0.000196
0.000168
0.000193
0.000204
0.000193
0.000197
0.000125
0.000162
0.000497
0.000196
0.000177
0.000141
0.00015
0.000158
0.000196
0.000161
0.000244
0.000172
0.000195
0.000188
0.000125
0.000737
0.000161
0.000196
0.000138
0.00017
0.000198
0.000195
0.000134
0.000178
0.000136
0.000156
0.000197
0.000172
0.000365
0.000209
0.000199
0.000198
0.000105
0.00015
0.000196
0.000194
0.000193
0.000114
0.000185
0.000177
0.000198
0.000731
0.00013
0.000196
0.000173
0.00014
0.000114
0.000154
0.000178
0.000196
0.000181
0.000177
0.000236
0.000221
0.000826
0.000116
0.000131
0.000207
0.00019
0.000123
0.000117
0.00023
0.000176
0.000203
0.000116
0.000179
0.000218
0.014524
0.000185
0.000177
0.000124
0.000206
0.000148
0.000166
0.000156
0.000133
0.000232
0.000146
0.000121
0.000177
0.000664
0.000153
0.000195
0.000121
0.000116
0.000161
0.000171
0.000131
0.00012
0.000132
0.000142
0.000156
0.000142
0.000524
0.000184
0.000188
0.000164
0.000114
0.000178
0.000186
0.000224
0.00014
0.000118
0.000158
0.000229
0.000206
0.000375
0.000116
0.00014
0.000214
0.000138
0.000145
0.000118
0.000154
0.000168
0.000158
0.000126
0.00021
0.000154
0.001046
0.000121
0.000116
0.000151
0.000187
0.000137
0.000119
0.000166
0.000163
0.000316
0.000116
0.000196
0.000205
0.0005
0.000159
0.00018
0.000158
0.000187
0.000218
0.000188
0.000151
0.000296
0.00015
0.000205
0.000196
0.000131
0.000598
0.000225
0.000186
0.000295
0.000319
0.000235
0.000365
0.000185
0.00015
0.000201
0.000326
0.000175
0.00019
0.000515
0.000294
0.000244
0.000193
0.000197
0.000207
0.000172
0.000208
0.000134
0.000347
0.000197
0.000228
0.000207
0.009606
0.00021
0.000207
0.0002
0.000168
0.000342
0.000155
0.000203
0.000178
0.000266
0.000138
0.000187
0.000174
0.000781
0.000155
0.0003
0.000171
0.000197
0.000194
0.000137
0.000126
0.000141
0.000305
0.000251
0.000191
0.000207
0.00064
0.000139
0.00022
0.000149
0.0003
0.000195
0.00023
0.000137
0.000207
0.000229
0.000188
0.000128
0.000205
0.000627
0.000312
0.000184
0.000202
0.00021
0.00031
0.000195
0.000196
0.000236
0.000214
0.000139
0.000227
0.000285
0.000782
0.000311
0.000195
0.000132
0.000229
0.00022
0.000173
0.000198
0.000129
0.000199
0.000192
0.000141
0.000195
0.000623
0.000215
0.000195
0.000219
0.000179
0.000151
0.000206
0.000196
0.000126
0.000127
0.000244
0.000194
0.000312
0.000599
0.000224
0.000342
0.0002
0.000293
0.00019
0.000268
0.000197
0.000188
0.00028
0.000167
0.000169
0.000311
0.000859
0.00018
0.000213
0.000197
0.000201
0.000132
0.000131
0.000335
0.000199
0.000327
0.000119
0.000283
0.000323
0.014858
0.000332
0.000163
0.000205
0.000331
0.000151
0.00014
0.000142
0.000227
0.000319
0.000176
0.000117
0.000247
0.000445
0.000227
0.000119
0.00018
0.000311
0.000206
0.000239
0.00019
0.000186
0.000238
0.000138
0.000148
0.000177
0.000659
0.000155
0.000138
0.000171
0.000182
0.000311
0.000153
0.00032
0.000178
0.00023
0.000154
0.000215
0.000129
0.000732
0.000148
0.0002
0.000127
0.000172
0.000168
0.000221
0.000212
0.000121
0.000129
0.000147
0.000216
0.000131
0.00074
0.000185
0.000208
0.00016
0.00019
0.000117
0.000145
0.000215
0.00021
0.000123
0.000176
0.000169
0.000214
0.000687
0.000128
0.000183
0.000136
0.000199
0.000121
0.000118
0.000146
0.000203
0.000157
0.000124
0.000175
0.000138
0.00062
0.000179
0.000137
0.000215
0.000204
0.000166
0.000146
0.000148
0.000157
0.00023
0.000145
0.00013
0.00016
0.009664
0.000159
0.000201
0.000203
0.000135
0.000137
0.000147
0.000201
0.000121
0.000186
0.000162
0.000142
0.000144
0.000518
0.000139
0.000157
0.000197
0.000232
0.000207
0.000158
0.000137
0.000336
0.000189
0.000183
0.00023
0.000194
0.000419
0.000192
0.00012
0.000208
0.000197
0.000209
0.000202
0.000194
0.000303
0.000245
0.000332
0.000195
0.000319
0.000598
0.000188
0.000313
0.000159
0.000139
0.000188
0.000198
0.000199
0.000188
0.000195
0.0002
0.000231
0.000166
0.000984
0.000189
0.000194
0.000205
0.000169
0.000193
0.000127
0.000208
0.000203
0.000157
0.000201
0.000123
0.000199
0.000582
0.000197
0.000152
0.0002
0.000202
0.000166
0.000136
0.000301
0.000269
0.000227
0.000196
0.000123
0.00029
0.000819
0.000225
0.000136
0.000131
0.000148
0.000212
0.00014
0.000196
0.000251
0.000145
0.000203
0.000197
0.000176
0.000902
0.000291
0.000197
0.000157
0.000155
0.000159
0.000145
0.000192
0.000133
0.000136
0.000214
0.000196
0.000147
0.009941
0.000201
0.000118
0.000185
0.000162
0.000145
0.000169
0.000126
0.000205
0.000169
0.000148
0.000117
0.00013
0.000735
0.000198
0.000127
0.000118
0.000194
0.000139
0.00019
0.000185
0.000143
0.000209
0.000163
0.000193
0.000286
0.000708
0.000328
0.000201
0.000279
0.00012
0.00024
0.000224
0.000173
0.000179
0.000228
0.000208
0.000138
0.000186
0.000868
0.000174
0.000198
0.000134
0.000117
0.000133
0.000321
0.000208
0.000176
0.000124
0.000156
0.000207
0.000148
0.000721
0.000193
0.000253
0.00016
0.000169
0.000117
0.000172
0.000214
0.000201
0.000121
0.000175
0.000229
0.000209
0.000777
0.000192
0.000282
0.000181
0.000339
0.000122
0.000304
0.000152
0.000148
0.000263
0.000175
0.00017
0.000214
0.000546
0.000283
0.000117
0.000204
0.000326
0.000168
0.000125
0.000159
0.000312
0.000151
0.000304
0.000119
0.0002
0.000503
0.000196
0.000181
0.000239
0.000322
0.00021
0.000126
0.000178
0.000146
0.000354
0.000223
0.00013
0.000194
0.014342
0.000312
0.000237
0.000121
0.000121
0.000195
0.000324
0.000131
0.000185
0.00021
0.000199
0.000296
0.000133
0.000481
0.000148
0.000201
0.000126
0.000188
0.000208
0.000196
0.00023
0.000189
0.000127
0.000159
0.000197
0.0002
0.00063
0.000238
0.000192
0.000318
0.000191
0.000143
0.000154
0.00019
0.000195
0.000192
0.000125
0.000149
0.000188
0.000744
0.000124
0.000148
0.000196
0.000222
0.000191
0.000123
0.000149
0.000193
0.000227
0.000204
0.000161
0.000195
0.000716
0.000139
0.000136
0.000323
0.000152
0.000212
0.000207
0.000202
0.000188
0.000312
0.000305
0.00022
0.000204
0.000505
0.000123
0.000198
0.000273
0.000313
0.000195
0.000188
0.000337
0.000148
0.000346
0.000117
0.00022
0.000198
0.000447
0.000135
0.000119
0.00013
0.000153
0.000245
0.000182
0.000147
0.000259
0.000215
0.000196
0.000114
0.000159
0.000486
0.000197
0.000199
0.000124
0.00015
0.000156
0.000197
0.000115
0.00031
0.000291
0.000194
0.000141
0.000175
0.010104
0.000174
0.000183
0.000294
0.000143
0.000172
0.0002
0.000209
0.000188
0.000203
0.000116
0.000161
0.000182
0.000775
0.000176
0.000169
0.000203
0.000267
0.000198
0.000175
0.000211
0.000158
0.000316
0.000154
0.000283
0.000224
0.000681
0.000145
0.000174
0.000185
0.000224
0.000242
0.000187
0.00017
0.000234
0.000148
0.00021
0.000152
0.000128
0.00061
0.000157
0.000341
0.000115
0.000191
0.000215
0.000208
0.00018
0.000177
0.00022
0.000208
0.00014
0.000171
0.00045
0.000224
0.000202
0.000144
0.000176
0.000264
0.000211
0.000207
0.000169
0.000118
0.0002
0.000153
0.000206
0.000602
0.000275
0.000203
0.000157
0.000138
0.000144
0.000171
0.000211
0.000204
0.000192
0.000115
0.000241
0.000329
0.000373
0.00019
0.000148
0.000339
0.00016
0.000284
0.000129
0.000244
0.000204
0.000368
0.000119
0.000196
0.000326
0.01269
0.000145
0.000286
0.000199
0.000212
0.0002
0.000324
0.000189
0.00023
0.000201
0.000207
0.000191
0.000131
0.000489
0.000229
0.000192
0.000285
0.000151
0.000247
0.000327
0.000126
0.000176
0.00021
0.000214
0.00013
0.000178
0.00068
0.000198
0.000338
0.000209
0.000203
0.000322
0.000229
0.000325
0.000293
0.000176
0.000303
0.000166
0.000194
0.000441
0.000359
0.000149
0.00033
0.00014
0.000167
0.000321
0.000189
0.000128
0.000186
0.000228
0.000192
0.000365
0.000533
0.00019
0.000196
0.000319
0.000129
0.000127
0.000153
0.00031
0.000154
0.000295
0.000151
0.000171
0.000198
0.000582
0.000137
0.000154
0.000219
0.000333
0.000136
0.000202
0.000274
0.000196
0.000285
0.000201
0.000198
0.000192
0.000762
0.000137
0.000125
0.000201
0.000133
0.000121
0.000197
0.000172
0.000191
0.000268
0.000197
0.000206
0.000218
0.000581
0.000318
0.00031
0.000216
0.000197
0.000198
0.000203
0.000207
0.000147
0.00019
0.000177
0.000155
0.000208
0.009725
0.000235
0.00031
0.000195
0.000125
0.000151
0.000325
0.000195
0.000116
0.000185
0.000213
0.000197
0.000305
0.000634
0.000224
0.000273
0.000197
0.000321
0.000127
0.000266
0.000198
0.000194
0.000173
0.000229
0.00025
0.000163
0.000832
0.000209
0.000201
0.000152
0.000209
0.000114
0.000259
0.000173
0.000195
0.000342
0.000177
0.000254
0.000201
0.000861
0.000118
0.000156
0.000156
0.000197
0.000121
0.000171
0.000216
0.000374
0.000146
0.000211
0.000211
0.000209
0.000594
0.000183
0.000123
0.00025
0.000155
0.000193
0.000171
0.000132
0.000223
0.000293
0.000199
0.000129
0.000128
0.000573
0.0002
0.0002
0.000176
0.000287
0.000199
0.000197
0.000115
0.000117
0.000229
0.000221
0.000188
0.000139
0.000451
0.000199
0.000137
0.000177
0.000116
0.00027
0.000292
0.00018
0.000128
0.000118
0.000235
0.000326
0.000123
0.000385
0.000174
0.0002
0.000204
0.000121
0.00018
0.000364
0.000207
0.000187
0.000123
0.000309
0.000339
0.000157
0.011214
0.000117
0.000279
0.000324
0.000225
0.00015
0.000122
0.000116
0.000173
0.000155
0.000209
0.000113
0.000119
0.000614
0.000218
0.000122
0.000118
0.000297
0.000209
0.000222
0.000123
0.000116
0.000325
0.000217
0.000148
0.000181
0.00067
0.0002
0.000153
0.000177
0.000124
0.000141
0.000213
0.000178
0.000181
0.000202
0.000131
0.00021
0.000128
0.000418
0.000229
0.00023
0.000187
0.00014
0.000146
0.000135
0.000376
0.000191
0.000131
0.00016
0.000191
0.000173
0.000735
0.000124
0.000194
0.000197
0.000185
0.000124
0.000156
0.000215
0.00018
0.000135
0.000129
0.000222
0.000216
0.000815
0.000126
0.000199
0.000313
0.000214
0.000184
0.000135
0.000201
0.000196
0.000139
0.000186
0.000174
0.000142
0.000752
0.00013
0.000122
0.000139
0.00019
0.000167
0.000137
0.000295
0.000197
0.000134
0.000204
0.000207
0.000148
0.012839
0.00019
0.000137
0.000145
0.000189
0.000204
0.000143
0.000341
0.000205
0.000166
0.000137
0.000194
0.000208
0.000714
0.000195
0.00021
0.000216
0.000215
0.000231
0.000196
0.000318
0.000185
0.00021
0.000146
0.000193
0.000132
0.000886
0.000326
0.000215
0.000153
0.000152
0.000152
0.000149
0.000198
0.00018
0.000124
0.0002
0.00032
0.00019
0.000621
0.000155
0.000179
0.000317
0.000177
0.000193
0.000151
0.000141
0.000311
0.000115
0.000287
0.000182
0.000311
0.000961
0.000168
0.000237
0.000314
0.000195
0.000185
0.000183
0.000215
0.000194
0.000137
0.000121
0.000229
0.000214
0.000552
0.000191
0.00019
0.000187
0.000146
0.000202
0.000116
0.000305
0.000208
0.000201
0.000113
0.000178
0.000225
0.000624
0.000334
0.000177
0.000298
0.000198
0.000146
0.000124
0.000143
0.000248
0.000248
0.000148
0.00018
0.000169
0.000539
0.000148
0.00018
0.000191
0.000288
0.000198
0.000224
0.000174
0.000176
0.000266
0.000217
0.000202
0.000253
0.009851
0.000115
0.000227
0.000316
0.000201
0.000176
0.000127
0.000253
0.000306
0.000134
0.000283
0.00014
0.000151
0.000461
0.000179
0.000185
0.000253
0.000208
0.000208
0.00018
0.000124
0.00015
0.000326
0.000173
0.000131
0.000165
0.000476
0.000207
0.000176
0.000119
0.000295
0.000204
0.000219
0.000129
0.000209
0.000226
0.000206
0.000187
0.000315
0.000507
0.000157
0.000192
0.000185
0.00015
0.000212
0.000232
0.000175
0.000122
0.000212
0.000225
0.000236
0.000126
0.000442
0.00032
0.000346
0.000188
0.000293
0.000238
0.000202
0.000209
0.000126
0.000131
0.000183
0.000192
0.000177
0.000342
0.000161
0.000197
0.000156
0.000187
0.000127
0.000152
0.00019
0.000193
0.000121
0.000159
0.000237
0.000329
0.000577
0.000123
0.000209
0.000194
0.000226
0.000119
0.000189
0.000233
0.00024
0.000205
0.000186
0.000278
0.000196
0.000663
0.000193
0.000132
0.000317
0.000198
0.000284
0.000186
0.000213
0.000194
0.000205
0.000133
0.000127
0.00015
0.01096
0.000223
0.000128
0.000212
0.000135
0.000154
0.000313
0.000249
0.000194
0.000182
0.000227
0.000228
0.000213
0.000569
0.000313
0.000194
0.000133
0.000201
0.000201
0.00021
0.00019
0.000271
0.000152
0.000258
0.000223
0.000196
0.000868
0.000186
0.000323
0.000306
0.000132
0.000327
0.000225
0.000197
0.000192
0.000216
0.000148
0.000216
0.000312
0.000739
0.00021
0.000154
0.000194
0.000191
0.0002
0.000172
0.000203
0.000196
0.00019
0.000177
0.000198
0.000313
0.000363
0.000126
0.000169
0.000206
0.000192
0.000191
0.000227
0.000178
0.000311
0.000198
0.000176
0.000192
0.000185
0.00077
0.000275
0.000207
0.000395
0.000217
0.00031
0.000124
0.000233
0.000209
0.000187
0.000141
0.000183
0.000217
0.000409
0.000196
0.000115
0.000195
0.000224
0.000202
0.000334
0.000133
0.000298
0.000219
0.000193
0.000169
0.000135
0.009609
0.000125
0.000259
0.000198
0.000326
0.000116
0.000194
0.000323
0.000202
0.000181
0.000123
0.00024
0.000198
0.000595
0.000116
0.000142
0.00016
0.000315
0.000206
0.000205
0.000219
0.000229
0.000137
0.000123
0.000183
0.000264
0.000577
0.000118
0.000119
0.000241
0.000311
0.000153
0.000176
0.000179
0.000243
0.000203
0.00011
0.000178
0.000125
0.00085
0.000209
0.000186
0.000119
0.000154
0.000212
0.000207
0.000149
0.00014
0.000339
0.000159
0.000206
0.000179
0.000506
0.000223
0.000326
0.000116
0.000224
0.000324
0.000214
0.000195
0.000181
0.000208
0.000172
0.000186
0.000125
0.000618
0.000147
0.000229
0.000118
0.000125
0.000279
0.000296
0.000148
0.000175
0.000145
0.000209
0.000224
0.000283
0.00055
0.000268
0.000318
0.00021
0.000188
0.000124
0.000201
0.000216
0.000182
0.000296
0.000218
0.000217
0.000217
0.000359
0.000136
0.000204
0.000308
0.000128
0.000184
0.000165
0.000198
0.00035
0.000189
0.000187
0.000215
0.000254
0.011216
0.000356
0.000248
0.000126
0.000204
0.000197
0.000184
0.000138
0.000202
0.000198
0.000333
0.000123
0.000129
0.000623
0.000337
0.000196
0.000195
0.000129
0.000202
0.000153
0.000205
0.000182
0.000152
0.000195
0.000241
0.000188
0.000417
0.000202
0.000194
0.000213
0.00013
0.000183
0.000196
0.000143
0.000195
0.00014
0.000223
0.000199
0.000132
0.000849
0.000161
0.000196
0.00031
0.000204
0.000219
0.000228
0.000195
0.000165
0.000197
0.000176
0.000247
0.000216
0.000523
0.000173
0.000157
0.000143
0.00015
0.000224
0.000323
0.000195
0.000195
0.000184
0.00025
0.000171
0.000307
0.000799
0.000196
0.000202
0.000191
0.000196
0.000121
0.000174
0.000348
0.000215
0.000185
0.000294
0.000173
0.000244
0.000497
0.000184
0.000231
0.000183
0.000302
0.000185
0.000214
0.000157
0.000191
0.00031
0.000117
0.000203
0.000269
0.00072
0.000154
0.00017
0.000149
0.00015
0.000199
0.000178
0.000206
0.000207
0.000198
0.000201
0.000122
0.000244
0.011118
0.000243
0.000152
0.000198
0.000116
0.000297
0.000219
0.0002
0.000128
0.000174
0.000167
0.000205
0.000197
0.000764
0.000139
0.000162
0.00029
0.000123
0.000176
0.000232
0.000237
0.00015
0.00017
0.000183
0.000374
0.000209
0.000524
0.000113
0.000162
0.000152
0.000328
0.000178
0.000173
0.000208
0.000155
0.000193
0.00029
0.000115
0.000235
0.000605
0.000124
0.00018
0.000198
0.000207
0.000216
0.000246
0.000137
0.000185
0.000241
0.000332
0.000123
0.000203
0.000654
0.000212
0.000284
0.000131
0.000208
0.000142
0.000172
0.000116
0.000117
0.000156
0.000208
0.000155
0.000153
0.000614
0.000163
0.00035
0.000191
0.000211
0.000323
0.00021
0.0002
0.000137
0.000153
0.000311
0.000148
0.000286
0.000419
0.000148
0.000301
0.000174
0.00018
0.000207
0.000309
0.000214
0.00012
0.000115
0.000205
0.000209
0.000183
0.009773
0.000126
0.000184
0.000165
0.000189
0.00034
0.000179
0.000125
0.000147
0.000321
0.00015
0.000122
0.000184
0.00062
0.000173
0.000201
0.00019
0.000228
0.000266
0.000188
0.000187
0.000184
0.000217
0.000146
0.000128
0.000125
0.000535
0.000313
0.000222
0.000199
0.000127
0.00015
0.000274
0.000132
0.000319
0.000272
0.000195
0.00022
0.000189
0.000465
0.000321
0.000193
0.000337
0.000135
0.000222
0.000131
0.000229
0.00014
0.000125
0.000156
0.000199
0.000322
0.000642
0.000166
0.000191
0.000197
0.00014
0.000205
0.000307
0.000192
0.00024
0.00021
0.000208
0.000195
0.000189
0.0006
0.000211
0.000225
0.000197
0.00026
0.000307
0.000208
0.000196
0.000136
0.000154
0.000206
0.000328
0.000195
0.000713
0.000275
0.000143
0.000199
0.000313
0.000209
0.000217
0.000229
0.000198
0.000338
0.00015
0.000202
0.000195
0.000656
0.000129
0.000223
0.000219
0.00019
0.000218
0.000195
0.000231
0.000197
0.000313
0.000178
0.000195
0.000242
0.010024
0.000338
0.000198
0.000314
0.000193
0.000269
0.000312
0.00031
0.000194
0.0002
0.000159
0.000231
0.000219
0.000341
0.000227
0.000209
0.000311
0.000116
0.000205
0.000237
0.000201
0.000205
0.000178
0.00025
0.000149
0.000328
0.000485
0.00019
0.00023
0.000309
0.000185
0.000209
0.000204
0.000231
0.000219
0.000177
0.000116
0.000203
0.000154
0.000784
0.000122
0.000216
0.00022
0.000315
0.000176
0.000175
0.000216
0.000148
0.0002
0.000183
0.000198
0.000248
0.000717
0.000217
0.000114
0.000343
0.000213
0.000134
0.000172
0.000117
0.00035
0.0002
0.000359
0.000177
0.000169
0.000556
0.000198
0.000124
0.000123
0.000208
0.000206
0.000127
0.00018
0.000154
0.000152
0.000188
0.000189
0.000125
0.000608
0.000328
0.000121
0.000286
0.000181
0.000153
0.000208
0.000193
0.00012
0.000261
0.000334
0.000199
0.000189
0.000411
0.00024
0.000328
0.000177
0.00019
0.000233
0.000212
0.000368
0.00018
0.000118
0.000202
0.000238
0.000117
0.009834
0.000205
0.000125
0.000154
0.00031
0.000151
0.000182
0.000121
0.000152
0.000212
0.000179
0.000314
0.000202
0.000528
0.000244
0.000179
0.000124
0.000155
0.000146
0.000193
0.000122
0.000122
0.000201
0.000216
0.000187
0.00013
0.000688
0.000309
0.000138
0.000285
0.000289
0.000313
0.000216
0.00031
0.000124
0.000154
0.000312
0.000144
0.000298
0.000688
0.000193
0.000222
0.000184
0.000134
0.000162
0.000193
0.000177
0.00013
0.000188
0.000141
0.000195
0.000138
0.000372
0.00027
0.000196
0.000205
0.000297
0.000127
0.000136
0.000311
0.000234
0.000304
0.000209
0.000195
0.000141
0.000688
0.000127
0.0002
0.000307
0.000176
0.000205
0.000206
0.000201
0.000196
0.000159
0.000191
0.000225
0.000137
0.000438
0.000207
0.000216
0.000195
0.000131
0.000124
0.000208
0.0002
0.000339
0.000161
0.000201
0.000211
0.000319
0.000445
0.000196
0.000164
0.00015
0.000205
0.000194
0.000197
0.000164
0.000205
0.000211
0.000175
0.000157
0.000239
0.00969
0.000203
0.000192
0.000196
0.000288
0.000235
0.000328
0.000186
0.000172
0.000192
0.000267
0.000317
0.000188
0.000474
0.000153
0.000207
0.000323
0.000177
0.000197
0.000265
0.000197
0.000136
0.000173
0.00023
0.000218
0.000226
0.000608
0.000138
0.000215
0.000202
0.000203
0.000111
0.000187
0.000173
0.000159
0.000155
0.00014
0.000247
0.000202
0.000894
0.000128
0.000138
0.00016
0.00019
0.000127
0.000166
0.000175
0.000162
0.000201
0.000169
0.000119
0.000235
0.000908
0.000221
0.000128
0.000324
0.000153
0.000318
0.000169
0.000124
0.000231
0.000207
0.000194
0.000115
0.000282
0.000483
0.000315
0.000196
0.000196
0.000172
0.000202
0.000201
0.0002
0.000118
0.000342
0.000201
0.000319
0.000117
0.000546
0.000205
0.000151
0.000182
0.000182
0.000222
0.000242
0.000328
0.000125
0.000186
0.000304
0.000208
0.000124
0.012978
0.000125
0.000159
0.000374
0.000186
0.00019
0.000115
0.000209
0.000203
0.000183
0.000177
0.000172
0.000188
0.000934
0.000188
0.000122
0.000178
0.000209
0.000147
0.000117
0.000154
0.000165
0.000162
0.000177
0.000157
0.00017
0.00073
0.000152
0.000119
0.0002
0.000203
0.000213
0.000126
0.000179
0.000157
0.000197
0.000179
0.000133
0.00018
0.000802
0.000209
0.000121
0.000124
0.000146
0.000168
0.000135
0.000183
0.000218
0.000201
0.000222
0.00022
0.000122
0.000775
0.000202
0.000182
0.000121
0.000153
0.000182
0.000196
0.000138
0.000156
0.000152
0.000142
0.000153
0.000141
0.000512
0.000167
0.000155
0.000133
0.00018
0.000178
0.000199
0.000149
0.000126
0.000125
0.000139
0.00019
0.000147
0.000404
0.000155
0.000195
0.000132
0.000197
0.000143
0.000178
0.000195
0.000155
0.000157
0.000132
0.000141
0.000163
0.000509
0.000152
0.000165
0.00019
0.000193
0.000149
0.000197
0.000147
0.000163
0.000134
0.000194
0.0002
0.000201
0.009931
0.000188
0.000141
0.000203
0.000229
0.000146
0.000198
0.00018
0.00019
0.000183
0.00022
0.000201
0.0003
0.00071
0.000307
0.000193
0.000184
0.000307
0.000263
0.000303
0.000218
0.000137
0.000221
0.000156
0.000313
0.000211
0.000576
0.00025
0.000316
0.000216
0.000208
0.000182
0.000271
0.000308
0.000186
0.00019
0.000261
0.000199
0.000311
0.000509
0.00019
0.000225
0.000216
0.000217
0.000132
0.000225
0.000202
0.000189
0.000301
0.000211
0.000228
0.000314
0.000806
0.000283
0.000148
0.000159
0.000317
0.000176
0.000201
0.000291
0.000198
0.00021
0.000175
0.000237
0.000335
0.000628
0.000173
0.000139
0.000233
0.0002
0.000121
0.000115
0.000294
0.000376
0.0002
0.000158
0.000177
0.000236
0.000795
0.000129
0.000171
0.000284
0.0002
0.000212
0.00012
0.000117
0.000276
0.000209
0.000146
0.000172
0.000176
0.000689
0.000158
0.000122
0.000187
0.000261
0.00024
0.00019
0.000176
0.000116
0.000324
0.000149
0.000316
0.000196
0.013839
0.000206
0.000202
0.0002
0.000122
0.000171
0.000226
0.000213
0.000318
0.000127
0.000195
0.000314
0.000253
0.000595
0.000176
0.000228
0.0002
0.000171
0.000285
0.000171
0.000214
0.000345
0.000125
0.000327
0.000323
0.000208
0.000361
0.000124
0.0002
0.000148
0.000159
0.000195
0.000119
0.000167
0.000191
0.000211
0.000177
0.000158
0.000196
0.000865
0.000127
0.000184
0.000216
0.000191
0.000353
0.000123
0.000117
0.000149
0.000168
0.000192
0.000286
0.000158
0.000631
0.000178
0.000287
0.000185
0.000199
0.000172
0.000336
0.00013
0.000209
0.000314
0.000225
0.00013
0.000122
0.000607
0.000182
0.000205
0.000188
0.000314
0.000134
0.000364
0.000135
0.000198
0.000314
0.000198
0.0002
0.000288
0.000742
0.000224
0.000182
0.000292
0.000127
0.000195
0.000246
0.000208
0.000192
0.000237
0.000192
0.000207
0.000187
0.012359
0.000153
0.000159
0.000157
0.000133
0.000136
0.000127
0.000182
0.000147
0.000152
0.000128
0.000162
0.000142
0.000855
0.000154
0.000128
0.000167
0.000194
0.000127
0.000165
0.000178
0.000164
0.000191
0.000138
0.000204
0.000143
0.000604
0.00015
0.000154
0.000202
0.000203
0.000194
0.000318
0.000199
0.000236
0.000185
0.000181
0.000147
0.000235
0.000768
0.00031
0.000197
0.00015
0.000246
0.000186
0.000324
0.000132
0.000224
0.000216
0.000193
0.000215
0.000187
0.000768
0.00032
0.000148
0.000182
0.000202
0.000195
0.000192
0.000171
0.000186
0.000205
0.000187
0.000124
0.00013
0.000831
0.000157
0.000132
0.000201
0.000142
0.000188
0.000195
0.000221
0.000123
0.000237
0.00021
0.000191
0.000115
0.000655
0.000204
0.0003
0.000197
0.000283
0.000229
0.000176
0.000208
0.000141
0.000125
0.000365
0.000319
0.000145
0.000614
0.000189
0.000236
0.000198
0.000321
0.000188
0.000293
0.000205
0.000143
0.000189
0.000127
0.000207
0.000201
0.011124
0.000198
0.00019
0.000174
0.000228
0.000201
0.000331
0.000116
0.00019
0.000317
0.00021
0.000127
0.000118
0.000537
0.000322
0.000147
0.000277
0.000141
0.00019
0.000154
0.000181
0.000125
0.000181
0.000216
0.000199
0.000117
0.000497
0.000154
0.000149
0.00012
0.000114
0.000143
0.000188
0.000178
0.000125
0.000119
0.000163
0.000174
0.000161
0.000614
0.00012
0.000149
0.000209
0.000161
0.00018
0.000154
0.000207
0.000157
0.000124
0.000148
0.000165
0.000208
0.000505
0.000147
0.000153
0.000192
0.000211
0.000127
0.000148
0.000155
0.000197
0.000144
0.000172
0.000118
0.000193
0.000571
0.000175
0.000148
0.000155
0.000203
0.000211
0.000119
0.00015
0.000175
0.00014
0.000187
0.000124
0.000158
0.000527
0.000218
0.000133
0.000131
0.000152
0.000182
0.000212
0.000129
0.000119
0.000147
0.000201
0.000252
0.000132
0.000744
0.000196
0.000161
0.000183
0.000126
0.000165
0.000145
0.000135
0.00013
0.000203
0.000196
0.000189
0.000125
0.012698
0.000121
0.000158
0.000198
0.000138
0.00019
0.000179
0.000168
0.000197
0.000166
0.000195
0.000177
0.000191
0.000611
0.000144
0.000128
0.000153
0.000188
0.000126
0.000194
0.000177
0.000155
0.000193
0.000211
0.000206
0.000173
0.001007
0.000126
0.000149
0.000149
0.000191
0.000199
0.000127
0.000147
0.000171
0.000192
0.000188
0.000147
0.00015
0.000484
0.000188
0.000157
0.000206
0.000168
0.000194
0.000197
0.000125
0.000187
0.000204
0.000139
0.000153
0.000141
0.000769
0.000196
0.000197
0.000204
0.000221
0.000334
0.000224
0.000329
0.000188
0.000282
0.000198
0.00031
0.000123
0.000563
0.000203
0.00031
0.000174
0.000207
0.000208
0.000312
0.000196
0.000122
0.000178
0.000156
0.00031
0.000163
0.000643
0.000203
0.000197
0.000139
0.000274
0.000151
0.000215
0.000312
0.000179
0.000118
0.00023
0.000291
0.000198
0.000589
0.000206
0.000217
0.000317
0.000175
0.000175
0.000215
0.000209
0.00032
0.000118
0.000204
0.000271
0.000255
0.011796
0.0002
0.000176
0.000123
0.00016
0.000217
0.000127
0.000114
0.000189
0.00022
0.000204
0.000175
0.00019
0.000703
0.000213
0.000198
0.000179
0.000134
0.000207
0.000216
0.000196
0.000142
0.000287
0.000206
0.000316
0.000192
0.000401
0.000148
0.00033
0.000119
0.00017
0.000155
0.000324
0.000211
0.00019
0.000119
0.000207
0.000199
0.000201
0.00035
0.000196
0.000214
0.000173
0.000183
0.00012
0.000208
0.000219
0.000334
0.000136
0.000177
0.000234
0.000223
0.000447
0.00012
0.000162
0.000343
0.000215
0.000189
0.00012
0.000167
0.000329
0.000117
0.00028
0.000195
0.000143
0.000418
0.00017
0.000283
0.000314
0.000333
0.000181
0.000126
0.000219
0.000288
0.000211
0.000202
0.000122
0.000201
0.000537
0.000186
0.000116
0.000172
0.000196
0.000237
0.000176
0.000182
0.000247
0.000175
0.000208
0.000179
0.000174
0.009694
0.000126
0.000153
0.000309
0.000188
0.000148
0.000212
0.000195
0.000205
0.000191
0.000188
0.000148
0.000146
0.000653
0.000124
0.000173
0.000227
0.000231
0.000174
0.000201
0.000333
0.000194
0.000128
0.000193
0.000206
0.000193
0.000656
0.000289
0.000125
0.000211
0.000196
0.000211
0.000133
0.000283
0.000211
0.000129
0.000189
0.000127
0.000213
0.000493
0.000217
0.00021
0.000126
0.000201
0.000315
0.000218
0.000245
0.000232
0.000199
0.000323
0.000142
0.00039
0.000592
0.000146
0.00053
0.000206
0.00018
0.000165
0.000183
0.000156
0.000155
0.000154
0.000155
0.000156
0.000155
0.000473
0.000155
0.000155
0.000154
0.000155
0.000153
0.000155
0.000155
0.000156
0.000155
0.000156
0.000155
0.000155
0.00076
0.000155
0.000155
0.000154
0.000154
0.000154
0.00016
0.000154
0.000154
0.000155
0.000155
0.000154
0.000154
0.000754
0.000184
0.000155
0.000154
0.000154
0.000154
0.000154
0.000155
0.000195
0.000134
0.000181
0.000154
0.000157
0.013017
0.000167
0.000154
0.000154
0.000155
0.000155
0.000155
0.000154
0.000155
0.000154
0.000156
0.000155
0.000156
0.000735
0.000181
0.000154
0.000154
0.000154
0.000155
0.000154
0.000153
0.000155
0.000155
0.000154
0.000154
0.000156
0.000732
0.000156
0.000181
0.000154
0.000154
0.000155
0.000154
0.000154
0.000154
0.000154
0.000157
0.000155
0.000155
0.000515
0.00015
0.000154
0.000153
0.000199
0.000155
0.000154
0.000154
0.000156
0.000154
0.000158
0.000155
0.000154
0.000507
0.000155
0.000154
0.000154
0.000155
0.000154
0.000155
0.000155
0.000154
0.000155
0.000155
0.000154
0.000154
0.000427
0.000155
0.000154
0.000153
0.000155
0.000155
0.000154
0.000154
0.000179
0.000154
0.000154
0.00015
0.000154
0.00045
0.000155
0.000154
0.000153
0.000154
0.000155
0.000155
0.000154
0.000154
0.000156
0.000182
0.000156
0.000155
0.000428
0.000148
0.000154
0.000155
0.000155
0.000156
0.000158
0.000154
0.000154
0.000155
0.000157
0.000154
0.000178
0.011228
0.000155
0.000154
0.000177
0.000154
0.000156
0.000154
0.000155
0.000155
0.000154
0.000154
0.000155
0.000156
0.000739
0.000155
0.000154
0.000155
0.000153
0.000149
0.000155
0.000153
0.000154
0.000154
0.000154
0.00016
0.000156
0.000423
0.000155
0.000154
0.000153
0.000154
0.000168
0.000142
0.000192
0.000155
0.000156
0.000153
0.000154
0.000154
0.000777
0.000154
0.000154
0.000153
0.000154
0.000153
0.000118
0.000176
0.00017
0.000155
0.000155
0.000155
0.000163
0.000791
0.000156
0.000154
0.000154
0.000154
0.000154
0.000154
0.000197
0.000156
0.000194
0.000155
0.000155
0.000155
0.000909
0.000157
0.000155
0.000154
0.000154
0.000154
0.000155
0.000175
0.000154
0.000155
0.000155
0.000155
0.000155
0.000742
0.000154
0.000155
0.000154
0.000155
0.000156
0.000154
0.000154
0.000152
0.000155
0.000155
0.000165
0.000155
0.000737
0.000155
0.000155
0.000155
0.000154
0.000154
0.000156
0.000154
0.000155
0.000154
0.000154
0.000155
0.000155
0.00965
0.000155
0.000154
0.000155
0.000159
0.000157
0.000175
0.000155
0.000155
0.000156
0.000155
0.000155
0.000154
0.000744
0.000155
0.000154
0.000154
0.000155
0.000154
0.000154
0.000154
0.000148
0.000156
0.000154
0.000121
0.000154
0.00062
0.000189
0.000163
0.000172
0.000191
0.000153
0.000153
0.000135
0.00016
0.000149
0.000134
0.000156
0.000158
0.000774
0.000156
0.000153
0.000154
0.000155
0.000155
0.000162
0.000156
0.000157
0.000156
0.000155
0.000155
0.000155
0.000743
0.000157
0.000155
0.000157
0.000155
0.000155
0.000155
0.000155
0.000154
0.00018
0.00016
0.000154
0.000156
0.000762
0.000157
0.000154
0.000155
0.000157
0.000155
0.000154
0.000172
0.000189
0.000181
0.000183
0.000155
0.000155
0.000788
0.000155
0.000161
0.000116
0.000185
0.000196
0.000155
0.000157
0.000155
0.000154
0.000177
0.000155
0.000155
0.000773
0.000156
0.000155
0.000155
0.000157
0.000155
0.000155
0.000155
0.000155
0.000155
0.000155
0.000155
0.000156
0.011179
0.000156
0.000155
0.000155
0.000155
0.000154
0.000156
0.000155
0.000157
0.000155
0.000155
0.000155
0.000156
0.000734
0.000155
0.000155
0.000155
0.000149
0.000154
0.000153
0.000154
0.000154
0.000155
0.000155
0.000155
0.000155
0.000735
0.000155
0.000156
0.000177
0.000155
0.000156
0.000155
0.000154
0.000155
0.000156
0.000154
0.000162
0.000156
0.000735
0.000155
0.000157
0.000154
0.000171
0.000155
0.000155
0.000161
0.000119
0.000192
0.000179
0.000183
0.000155
0.000784
0.000156
0.000155
0.000154
0.00018
0.000155
0.000149
0.000171
0.000166
0.000177
0.000155
0.000155
0.000155
0.000714
0.000156
0.000154
0.000154
0.000154